1503620034,s5,0.00,0.00,0.00,0,0,0.00,0.00,0.00,0,0,0.00,0.00,0,0
1503620034,s1,0.00,0.00,0.00,0,0,0.00,0.00,0.00,0,0,0.00,0.00,0,0
1503620034,eth0,0.00,0.00,0.00,0,0,0.00,0.00,0.00,0,0,0.00,0.00,0,0
1503620034,eth1,0.00,0.00,0.00,0,0,0.00,0.00,0.00,0,0,0.00,0.00,0,0
1503620034,s2,0.00,0.00,0.00,0,0,0.00,0.00,0.00,0,0,0.00,0.00,0,0
1503620034,s1-eth2,0.00,0.00,0.00,0,0,0.00,0.00,0.00,0,0,0.00,0.00,0,0
1503620034,s1-eth1,0.00,0.00,0.00,0,0,0.00,0.00,0.00,0,0,0.00,0.00,0,0
1503620034,s3,0.00,0.00,0.00,0,0,0.00,0.00,0.00,0,0,0.00,0.00,0,0
1503620034,s2-eth2,0.00,0.00,0.00,0,0,0.00,0.00,0.00,0,0,0.00,0.00,0,0
1503620034,s2-eth1,0.00,0.00,0.00,0,0,0.00,0.00,0.00,0,0,0.00,0.00,0,0
1503620034,lo,0.00,0.00,0.00,0,0,0.00,0.00,0.00,0,0,0.00,0.00,0,0
1503620034,s4,0.00,0.00,0.00,0,0,0.00,0.00,0.00,0,0,0.00,0.00,0,0
1503620034,s3-eth2,0.00,0.00,0.00,0,0,0.00,0.00,0.00,0,0,0.00,0.00,0,0
1503620034,s3-eth1,0.00,0.00,0.00,0,0,0.00,0.00,0.00,0,0,0.00,0.00,0,0
1503620034,total,0.00,0.00,0.00,0,0,0.00,0.00,0.00,0,0,0.00,0.00,0,0
1503620035,s5,0.00,0.00,0.00,0,0,0.00,0.00,0.00,0,0,0.00,0.00,0,0
1503620035,s1,250.00,3062.00,3312.00,3062,250,3.00,19.00,22.00,19,3,0.00,0.00,0,0
1503620035,eth0,456.00,735.00,1191.00,735,456,6.00,6.00,12.00,6,6,0.00,0.00,0,0
1503620035,eth1,449.00,0.00,449.00,0,449,2.00,0.00,2.00,0,2,0.00,0.00,0,0
1503620035,s2,250.00,3654.00,3904.00,3654,250,3.00,21.00,24.00,21,3,0.00,0.00,0,0
1503620035,s1-eth2,148782.00,6016670.00,6165452.00,6016670,148782,1995.00,3991.00,5986.00,3991,1995,0.00,0.00,0,0
1503620035,s1-eth1,6019842.00,146964.00,6166806.00,146964,6019842,4001.00,1986.00,5987.00,1986,4001,0.00,0.00,0,0
1503620035,s3,250.00,4784.00,5034.00,4784,250,3.00,27.00,30.00,27,3,0.00,0.00,0,0
1503620035,s2-eth2,151498.00,6015444.00,6166942.00,6015444,151498,2010.00,3984.00,5994.00,3984,2010,0.00,0.00,0,0
1503620035,s2-eth1,6016670.00,148782.00,6165452.00,148782,6016670,3991.00,1995.00,5986.00,1995,3991,0.00,0.00,0,0
1503620035,lo,22387.00,22387.00,44774.00,22387,22387,215.00,215.00,430.00,215,215,0.00,0.00,0,0
1503620035,s4,0.00,0.00,0.00,0,0,0.00,0.00,0.00,0,0,0.00,0.00,0,0
1503620035,s3-eth2,153273.00,6010830.00,6164103.00,6010830,153273,2020.00,3973.00,5993.00,3973,2020,0.00,0.00,0,0
1503620035,s3-eth1,6015444.00,151498.00,6166942.00,151498,6015444,3984.00,2010.00,5994.00,2010,3984,0.00,0.00,0,0
1503620035,total,18529552.00,18524810.00,37054360.00,18524810,18529551,18233.00,18227.00,36460.00,18227,18233,0.00,0.00,0,0
1503620036,s5,0.00,0.00,0.00,0,0,0.00,0.00,0.00,0,0,0.00,0.00,0,0
1503620036,s1,0.00,1193.00,1193.00,1193,0,0.00,4.00,4.00,4,0,0.00,0.00,0,0
1503620036,eth0,152.00,245.00,397.00,245,152,2.00,2.00,4.00,2,2,0.00,0.00,0,0
1503620036,eth1,0.00,0.00,0.00,0,0,0.00,0.00,0.00,0,0,0.00,0.00,0,0
1503620036,s2,0.00,1382.00,1382.00,1382,0,0.00,5.00,5.00,5,0,0.00,0.00,0,0
1503620036,s1-eth2,143340.00,5840691.00,5984031.00,5840691,143340,1932.00,3861.00,5793.00,3861,1932,0.00,0.00,0,0
1503620036,s1-eth1,5839508.00,142820.00,5982328.00,142820,5839508,3861.00,1930.00,5791.00,1930,3861,0.00,0.00,0,0
1503620036,s3,0.00,816.00,816.00,816,0,0.00,4.00,4.00,4,0,0.00,0.00,0,0
1503620036,s2-eth2,143562.00,5840360.00,5983922.00,5840360,143562,1933.00,3860.00,5793.00,3860,1933,0.00,0.00,0,0
1503620036,s2-eth1,5840691.00,143340.00,5984031.00,143340,5840691,3861.00,1932.00,5793.00,1932,3861,0.00,0.00,0,0
1503620036,lo,4558.00,4558.00,9116.00,4558,4558,43.00,43.00,86.00,43,43,0.00,0.00,0,0
1503620036,s4,0.00,0.00,0.00,0,0,0.00,0.00,0.00,0,0,0.00,0.00,0,0
1503620036,s3-eth2,144161.00,5841012.00,5985173.00,5841012,144161,1934.00,3858.00,5792.00,3858,1934,0.00,0.00,0,0
1503620036,s3-eth1,5840360.00,143562.00,5983922.00,143562,5840360,3860.00,1933.00,5793.00,1933,3860,0.00,0.00,0,0
1503620036,total,17956332.00,17959980.00,35916312.00,17959979,17956332,17426.00,17432.00,34858.00,17432,17426,0.00,0.00,0,0
1503620037,s5,0.00,0.00,0.00,0,0,0.00,0.00,0.00,0,0,0.00,0.00,0,0
1503620037,s1,0.00,485.00,485.00,485,0,0.00,3.00,3.00,3,0,0.00,0.00,0,0
1503620037,eth0,60.00,60.00,120.00,60,60,1.00,1.00,2.00,1,1,0.00,0.00,0,0
1503620037,eth1,0.00,0.00,0.00,0,0,0.00,0.00,0.00,0,0,0.00,0.00,0,0
1503620037,s2,0.00,214.00,214.00,214,0,0.00,2.00,2.00,2,0,0.00,0.00,0,0
1503620037,s1-eth2,151585.00,6206371.00,6357956.00,6206371,151585,2048.00,4102.00,6150.00,4102,2048,0.00,0.00,0,0
1503620037,s1-eth1,6206749.00,151552.00,6358301.00,151552,6206749,4104.00,2048.00,6152.00,2048,4104,0.00,0.00,0,0
1503620037,s3,0.00,438.00,438.00,438,0,0.00,2.00,2.00,2,0,0.00,0.00,0,0
1503620037,s2-eth2,151990.00,6207507.00,6359497.00,6207507,151990,2050.00,4101.00,6151.00,4101,2050,0.00,0.00,0,0
1503620037,s2-eth1,6206371.00,151585.00,6357956.00,151585,6206371,4102.00,2048.00,6150.00,2048,4102,0.00,0.00,0,0
1503620037,lo,2177.00,2177.00,4354.00,2177,2177,21.00,21.00,42.00,21,21,0.00,0.00,0,0
1503620037,s4,0.00,0.00,0.00,0,0,0.00,0.00,0.00,0,0,0.00,0.00,0,0
1503620037,s3-eth2,152097.00,6208914.00,6361011.00,6208914,152097,2051.00,4101.00,6152.00,4101,2051,0.00,0.00,0,0
1503620037,s3-eth1,6207507.00,151990.00,6359497.00,151990,6207507,4101.00,2050.00,6151.00,2050,4101,0.00,0.00,0,0
1503620037,total,19078536.00,19081292.00,38159828.00,19081293,19078536,18478.00,18479.00,36957.00,18479,18478,0.00,0.00,0,0
1503620038,s5,0.00,0.00,0.00,0,0,0.00,0.00,0.00,0,0,0.00,0.00,0,0
1503620038,s1,0.00,1143.00,1143.00,1143,0,0.00,6.00,6.00,6,0,0.00,0.00,0,0
1503620038,eth0,0.00,0.00,0.00,0,0,0.00,0.00,0.00,0,0,0.00,0.00,0,0
1503620038,eth1,0.00,0.00,0.00,0,0,0.00,0.00,0.00,0,0,0.00,0.00,0,0
1503620038,s2,0.00,1414.00,1414.00,1414,0,0.00,7.00,7.00,7,0,0.00,0.00,0,0
1503620038,s1-eth2,151850.00,6182735.00,6334585.00,6182735,151850,2046.00,4088.00,6134.00,4088,2046,0.00,0.00,0,0
1503620038,s1-eth1,6183136.00,151178.00,6334314.00,151178,6183136,4090.00,2043.00,6133.00,2043,4090,0.00,0.00,0,0
1503620038,s3,0.00,1120.00,1120.00,1120,0,0.00,6.00,6.00,6,0,0.00,0.00,0,0
1503620038,s2-eth2,152154.00,6180820.00,6332974.00,6180820,152154,2047.00,4085.00,6132.00,4085,2047,0.00,0.00,0,0
1503620038,s2-eth1,6182735.00,151850.00,6334585.00,151850,6182735,4088.00,2046.00,6134.00,2046,4088,0.00,0.00,0,0
1503620038,lo,5605.00,5605.00,11210.00,5605,5605,55.00,55.00,110.00,55,55,0.00,0.00,0,0
1503620038,s4,0.00,0.00,0.00,0,0,0.00,0.00,0.00,0,0,0.00,0.00,0,0
1503620038,s3-eth2,152900.00,6184690.00,6337590.00,6184690,152900,2051.00,4085.00,6136.00,4085,2051,0.00,0.00,0,0
1503620038,s3-eth1,6180820.00,152154.00,6332974.00,152154,6180820,4085.00,2047.00,6132.00,2047,4085,0.00,0.00,0,0
1503620038,total,19009200.00,19012708.00,38021908.00,19012709,19009200,18462.00,18468.00,36930.00,18468,18462,0.00,0.00,0,0
1503620039,s5,0.00,0.00,0.00,0,0,0.00,0.00,0.00,0,0,0.00,0.00,0,0
1503620039,s1,70.00,210.00,280.00,210,70,1.00,3.00,4.00,3,1,0.00,0.00,0,0
1503620039,eth0,0.00,0.00,0.00,0,0,0.00,0.00,0.00,0,0,0.00,0.00,0,0
1503620039,eth1,0.00,0.00,0.00,0,0,0.00,0.00,0.00,0,0,0.00,0.00,0,0
1503620039,s2,70.00,210.00,280.00,210,70,1.00,3.00,4.00,3,1,0.00,0.00,0,0
1503620039,s1-eth2,151104.00,6181872.00,6332976.00,6181872,151104,2042.00,4086.00,6128.00,4086,2042,0.00,0.00,0,0
1503620039,s1-eth1,6181942.00,151034.00,6332976.00,151034,6181942,4087.00,2041.00,6128.00,2041,4087,0.00,0.00,0,0
1503620039,s3,70.00,611.00,681.00,611,70,1.00,5.00,6.00,5,1,0.00,0.00,0,0
1503620039,s2-eth2,151649.00,6183316.00,6334965.00,6183316,151649,2046.00,4086.00,6132.00,4086,2046,0.00,0.00,0,0
1503620039,s2-eth1,6181872.00,151104.00,6332976.00,151104,6181872,4086.00,2042.00,6128.00,2042,4086,0.00,0.00,0,0
1503620039,lo,4102.00,4102.00,8204.00,4102,4102,47.00,47.00,94.00,47,47,0.00,0.00,0,0
1503620039,s4,0.00,0.00,0.00,0,0,0.00,0.00,0.00,0,0,0.00,0.00,0,0
1503620039,s3-eth2,151987.00,6181732.00,6333719.00,6181732,151987,2047.00,4084.00,6131.00,4084,2047,0.00,0.00,0,0
1503620039,s3-eth1,6183316.00,151649.00,6334965.00,151649,6183316,4086.00,2046.00,6132.00,2046,4086,0.00,0.00,0,0
1503620039,total,19006182.00,19005840.00,38012024.00,19005840,19006182,18444.00,18443.00,36887.00,18443,18444,0.00,0.00,0,0
1503620040,s5,0.00,0.00,0.00,0,0,0.00,0.00,0.00,0,0,0.00,0.00,0,0
1503620040,s1,0.00,342.00,342.00,342,0,0.00,1.00,1.00,1,0,0.00,0.00,0,0
1503620040,eth0,0.00,0.00,0.00,0,0,0.00,0.00,0.00,0,0,0.00,0.00,0,0
1503620040,eth1,0.00,0.00,0.00,0,0,0.00,0.00,0.00,0,0,0.00,0.00,0,0
1503620040,s2,0.00,684.00,684.00,684,0,0.00,2.00,2.00,2,0,0.00,0.00,0,0
1503620040,s1-eth2,152042.00,6204714.00,6356756.00,6204714,152042,2051.00,4099.00,6150.00,4099,2051,0.00,0.00,0,0
1503620040,s1-eth1,6204714.00,151626.00,6356340.00,151626,6204714,4099.00,2049.00,6148.00,2049,4099,0.00,0.00,0,0
1503620040,s3,0.00,684.00,684.00,684,0,0.00,2.00,2.00,2,0,0.00,0.00,0,0
1503620040,s2-eth2,152310.00,6206228.00,6358538.00,6206228,152310,2051.00,4100.00,6151.00,4100,2051,0.00,0.00,0,0
1503620040,s2-eth1,6204714.00,152042.00,6356756.00,152042,6204714,4099.00,2051.00,6150.00,2051,4099,0.00,0.00,0,0
1503620040,lo,1630.00,1630.00,3260.00,1630,1630,15.00,15.00,30.00,15,15,0.00,0.00,0,0
1503620040,s4,0.00,0.00,0.00,0,0,0.00,0.00,0.00,0,0,0.00,0.00,0,0
1503620040,s3-eth2,152310.00,6205886.00,6358196.00,6205886,152310,2051.00,4099.00,6150.00,4099,2051,0.00,0.00,0,0
1503620040,s3-eth1,6206228.00,152310.00,6358538.00,152310,6206228,4100.00,2051.00,6151.00,2051,4100,0.00,0.00,0,0
1503620040,total,19073948.00,19076146.00,38150096.00,19076146,19073948,18466.00,18469.00,36935.00,18469,18466,0.00,0.00,0,0
1503620041,s5,0.00,0.00,0.00,0,0,0.00,0.00,0.00,0,0,0.00,0.00,0,0
1503620041,s1,0.00,214.00,214.00,214,0,0.00,2.00,2.00,2,0,0.00,0.00,0,0
1503620041,eth0,0.00,0.00,0.00,0,0,0.00,0.00,0.00,0,0,0.00,0.00,0,0
1503620041,eth1,0.00,0.00,0.00,0,0,0.00,0.00,0.00,0,0,0.00,0.00,0,0
1503620041,s2,0.00,214.00,214.00,214,0,0.00,2.00,2.00,2,0,0.00,0.00,0,0
1503620041,s1-eth2,151733.00,6204586.00,6356319.00,6204586,151733,2050.00,4100.00,6150.00,4100,2050,0.00,0.00,0,0
1503620041,s1-eth1,6204693.00,151626.00,6356319.00,151626,6204693,4101.00,2049.00,6150.00,2049,4101,0.00,0.00,0,0
1503620041,s3,0.00,107.00,107.00,107,0,0.00,1.00,1.00,1,0,0.00,0.00,0,0
1503620041,s2-eth2,151585.00,6201451.00,6353036.00,6201451,151585,2048.00,4097.00,6145.00,4097,2048,0.00,0.00,0,0
1503620041,s2-eth1,6204586.00,151733.00,6356319.00,151733,6204586,4100.00,2050.00,6150.00,2050,4100,0.00,0.00,0,0
1503620041,lo,1525.00,1525.00,3050.00,1525,1525,15.00,15.00,30.00,15,15,0.00,0.00,0,0
1503620041,s4,0.00,0.00,0.00,0,0,0.00,0.00,0.00,0,0,0.00,0.00,0,0
1503620041,s3-eth2,151840.00,6202858.00,6354698.00,6202858,151840,2051.00,4097.00,6148.00,4097,2051,0.00,0.00,0,0
1503620041,s3-eth1,6201451.00,151585.00,6353036.00,151585,6201451,4097.00,2048.00,6145.00,2048,4097,0.00,0.00,0,0
1503620041,total,19067412.00,19065900.00,38133312.00,19065899,19067413,18462.00,18461.00,36923.00,18461,18462,0.00,0.00,0,0
1503620042,s5,0.00,0.00,0.00,0,0,0.00,0.00,0.00,0,0,0.00,0.00,0,0
1503620042,s1,0.00,210.00,210.00,210,0,0.00,3.00,3.00,3,0,0.00,0.00,0,0
1503620042,eth0,0.00,0.00,0.00,0,0,0.00,0.00,0.00,0,0,0.00,0.00,0,0
1503620042,eth1,0.00,0.00,0.00,0,0,0.00,0.00,0.00,0,0,0.00,0.00,0,0
1503620042,s2,0.00,210.00,210.00,210,0,0.00,3.00,3.00,3,0,0.00,0.00,0,0
1503620042,s1-eth2,151692.00,6201484.00,6353176.00,6201484,151692,2050.00,4098.00,6148.00,4098,2050,0.00,0.00,0,0
1503620042,s1-eth1,6201896.00,151622.00,6353518.00,151622,6201896,4100.00,2049.00,6149.00,2049,4100,0.00,0.00,0,0
1503620042,s3,0.00,247.00,247.00,247,0,0.00,3.00,3.00,3,0,0.00,0.00,0,0
1503620042,s2-eth2,151947.00,6202928.00,6354875.00,6202928,151947,2053.00,4098.00,6151.00,4098,2053,0.00,0.00,0,0
1503620042,s2-eth1,6201484.00,151692.00,6353176.00,151692,6201484,4098.00,2050.00,6148.00,2050,4098,0.00,0.00,0,0
1503620042,lo,2449.00,2449.00,4898.00,2449,2449,27.00,27.00,54.00,27,27,0.00,0.00,0,0
1503620042,s4,0.00,0.00,0.00,0,0,0.00,0.00,0.00,0,0,0.00,0.00,0,0
1503620042,s3-eth2,151869.00,6202858.00,6354727.00,6202858,151869,2052.00,4097.00,6149.00,4097,2052,0.00,0.00,0,0
1503620042,s3-eth1,6202928.00,151947.00,6354875.00,151947,6202928,4098.00,2053.00,6151.00,2053,4098,0.00,0.00,0,0
1503620042,total,19064264.00,19065648.00,38129912.00,19065647,19064265,18478.00,18481.00,36959.00,18481,18478,0.00,0.00,0,0
1503620043,s5,0.00,0.00,0.00,0,0,0.00,0.00,0.00,0,0,0.00,0.00,0,0
1503620043,s1,70.00,210.00,280.00,210,70,1.00,3.00,4.00,3,1,0.00,0.00,0,0
1503620043,eth0,0.00,0.00,0.00,0,0,0.00,0.00,0.00,0,0,0.00,0.00,0,0
1503620043,eth1,0.00,0.00,0.00,0,0,0.00,0.00,0.00,0,0,0.00,0.00,0,0
1503620043,s2,70.00,210.00,280.00,210,70,1.00,3.00,4.00,3,1,0.00,0.00,0,0
1503620043,s1-eth2,150734.00,6168246.00,6318980.00,6168246,150734,2037.00,4077.00,6114.00,4077,2037,0.00,0.00,0,0
1503620043,s1-eth1,6166802.00,150738.00,6317540.00,150738,6166802,4077.00,2037.00,6114.00,2037,4077,0.00,0.00,0,0
1503620043,s3,70.00,280.00,350.00,280,70,1.00,4.00,5.00,4,1,0.00,0.00,0,0
1503620043,s2-eth2,150874.00,6166662.00,6317536.00,6166662,150874,2039.00,4075.00,6114.00,4075,2039,0.00,0.00,0,0
1503620043,s2-eth1,6168246.00,150734.00,6318980.00,150734,6168246,4077.00,2037.00,6114.00,2037,4077,0.00,0.00,0,0
1503620043,lo,3484.00,3484.00,6968.00,3484,3484,39.00,39.00,78.00,39,39,0.00,0.00,0,0
1503620043,s4,0.00,0.00,0.00,0,0,0.00,0.00,0.00,0,0,0.00,0.00,0,0
1503620043,s3-eth2,150944.00,6165078.00,6316022.00,6165078,150944,2040.00,4073.00,6113.00,4073,2040,0.00,0.00,0,0
1503620043,s3-eth1,6166662.00,150874.00,6317536.00,150874,6166662,4075.00,2039.00,6114.00,2039,4075,0.00,0.00,0,0
1503620043,total,18957956.00,18956516.00,37914472.00,18956516,18957956,18387.00,18387.00,36774.00,18387,18387,0.00,0.00,0,0
1503620044,s5,0.00,0.00,0.00,0,0,0.00,0.00,0.00,0,0,0.00,0.00,0,0
1503620044,s1,0.00,342.00,342.00,342,0,0.00,1.00,1.00,1,0,0.00,0.00,0,0
1503620044,eth0,0.00,0.00,0.00,0,0,0.00,0.00,0.00,0,0,0.00,0.00,0,0
1503620044,eth1,0.00,0.00,0.00,0,0,0.00,0.00,0.00,0,0,0.00,0.00,0,0
1503620044,s2,0.00,684.00,684.00,684,0,0.00,2.00,2.00,2,0,0.00,0.00,0,0
1503620044,s1-eth2,152116.00,6210770.00,6362886.00,6210770,152116,2052.00,4103.00,6155.00,4103,2052,0.00,0.00,0,0
1503620044,s1-eth1,6210770.00,151774.00,6362544.00,151774,6210770,4103.00,2051.00,6154.00,2051,4103,0.00,0.00,0,0
1503620044,s3,0.00,342.00,342.00,342,0,0.00,1.00,1.00,1,0,0.00,0.00,0,0
1503620044,s2-eth2,152116.00,6209256.00,6361372.00,6209256,152116,2052.00,4102.00,6154.00,4102,2052,0.00,0.00,0,0
1503620044,s2-eth1,6210770.00,152116.00,6362886.00,152116,6210770,4103.00,2052.00,6155.00,2052,4103,0.00,0.00,0,0
1503620044,lo,1648.00,1648.00,3296.00,1648,1648,18.00,18.00,36.00,18,18,0.00,0.00,0,0
1503620044,s4,0.00,0.00,0.00,0,0,0.00,0.00,0.00,0,0,0.00,0.00,0,0
1503620044,s3-eth2,152116.00,6210428.00,6362544.00,6210428,152116,2052.00,4102.00,6154.00,4102,2052,0.00,0.00,0,0
1503620044,s3-eth1,6209256.00,152116.00,6361372.00,152116,6209256,4102.00,2052.00,6154.00,2052,4102,0.00,0.00,0,0
1503620044,total,19088792.00,19089476.00,38178268.00,19089476,19088792,18482.00,18484.00,36966.00,18484,18482,0.00,0.00,0,0
1503620045,s5,0.00,0.00,0.00,0,0,0.00,0.00,0.00,0,0,0.00,0.00,0,0
1503620045,s1,0.00,0.00,0.00,0,0,0.00,0.00,0.00,0,0,0.00,0.00,0,0
1503620045,eth0,0.00,0.00,0.00,0,0,0.00,0.00,0.00,0,0,0.00,0.00,0,0
1503620045,eth1,0.00,0.00,0.00,0,0,0.00,0.00,0.00,0,0,0.00,0.00,0,0
1503620045,s2,0.00,0.00,0.00,0,0,0.00,0.00,0.00,0,0,0.00,0.00,0,0
1503620045,s1-eth2,152440.00,6237680.00,6390120.00,6237680,152440,2060.00,4120.00,6180.00,4120,2060,0.00,0.00,0,0
1503620045,s1-eth1,6239194.00,152440.00,6391634.00,152440,6239194,4121.00,2060.00,6181.00,2060,4121,0.00,0.00,0,0
1503620045,s3,0.00,0.00,0.00,0,0,0.00,0.00,0.00,0,0,0.00,0.00,0,0
1503620045,s2-eth2,152514.00,6239194.00,6391708.00,6239194,152514,2061.00,4121.00,6182.00,4121,2061,0.00,0.00,0,0
1503620045,s2-eth1,6237680.00,152440.00,6390120.00,152440,6237680,4120.00,2060.00,6180.00,2060,4120,0.00,0.00,0,0
1503620045,lo,0.00,0.00,0.00,0,0,0.00,0.00,0.00,0,0,0.00,0.00,0,0
1503620045,s4,0.00,0.00,0.00,0,0,0.00,0.00,0.00,0,0,0.00,0.00,0,0
1503620045,s3-eth2,152514.00,6239194.00,6391708.00,6239194,152514,2061.00,4121.00,6182.00,4121,2061,0.00,0.00,0,0
1503620045,s3-eth1,6239194.00,152514.00,6391708.00,152514,6239194,4121.00,2061.00,6182.00,2061,4121,0.00,0.00,0,0
1503620045,total,19173536.00,19173462.00,38347000.00,19173462,19173536,18544.00,18543.00,37087.00,18543,18544,0.00,0.00,0,0
1503620046,s5,0.00,0.00,0.00,0,0,0.00,0.00,0.00,0,0,0.00,0.00,0,0
1503620046,s1,0.00,0.00,0.00,0,0,0.00,0.00,0.00,0,0,0.00,0.00,0,0
1503620046,eth0,0.00,0.00,0.00,0,0,0.00,0.00,0.00,0,0,0.00,0.00,0,0
1503620046,eth1,0.00,0.00,0.00,0,0,0.00,0.00,0.00,0,0,0.00,0.00,0,0
1503620046,s2,0.00,0.00,0.00,0,0,0.00,0.00,0.00,0,0,0.00,0.00,0,0
1503620046,s1-eth2,151404.00,6195288.00,6346692.00,6195288,151404,2046.00,4092.00,6138.00,4092,2046,0.00,0.00,0,0
1503620046,s1-eth1,6193774.00,151404.00,6345178.00,151404,6193774,4091.00,2046.00,6137.00,2046,4091,0.00,0.00,0,0
1503620046,s3,0.00,0.00,0.00,0,0,0.00,0.00,0.00,0,0,0.00,0.00,0,0
1503620046,s2-eth2,151330.00,6195288.00,6346618.00,6195288,151330,2045.00,4092.00,6137.00,4092,2045,0.00,0.00,0,0
1503620046,s2-eth1,6195288.00,151404.00,6346692.00,151404,6195288,4092.00,2046.00,6138.00,2046,4092,0.00,0.00,0,0
1503620046,lo,0.00,0.00,0.00,0,0,0.00,0.00,0.00,0,0,0.00,0.00,0,0
1503620046,s4,0.00,0.00,0.00,0,0,0.00,0.00,0.00,0,0,0.00,0.00,0,0
1503620046,s3-eth2,151330.00,6189232.00,6340562.00,6189232,151330,2045.00,4088.00,6133.00,4088,2045,0.00,0.00,0,0
1503620046,s3-eth1,6195288.00,151330.00,6346618.00,151330,6195288,4092.00,2045.00,6137.00,2045,4092,0.00,0.00,0,0
1503620046,total,19038414.00,19033946.00,38072360.00,19033946,19038414,18411.00,18409.00,36820.00,18409,18411,0.00,0.00,0,0
1503620047,s5,0.00,0.00,0.00,0,0,0.00,0.00,0.00,0,0,0.00,0.00,0,0
1503620047,s1,0.00,0.00,0.00,0,0,0.00,0.00,0.00,0,0,0.00,0.00,0,0
1503620047,eth0,0.00,0.00,0.00,0,0,0.00,0.00,0.00,0,0,0.00,0.00,0,0
1503620047,eth1,0.00,0.00,0.00,0,0,0.00,0.00,0.00,0,0,0.00,0.00,0,0
1503620047,s2,0.00,342.00,342.00,342,0,0.00,1.00,1.00,1,0,0.00,0.00,0,0
1503620047,s1-eth2,150710.00,6152896.00,6303606.00,6152896,150710,2033.00,4064.00,6097.00,4064,2033,0.00,0.00,0,0
1503620047,s1-eth1,6154410.00,150368.00,6304778.00,150368,6154410,4065.00,2032.00,6097.00,2032,4065,0.00,0.00,0,0
1503620047,s3,0.00,342.00,342.00,342,0,0.00,1.00,1.00,1,0,0.00,0.00,0,0
1503620047,s2-eth2,150710.00,6154410.00,6305120.00,6154410,150710,2033.00,4065.00,6098.00,4065,2033,0.00,0.00,0,0
1503620047,s2-eth1,6152896.00,150710.00,6303606.00,150710,6152896,4064.00,2033.00,6097.00,2033,4064,0.00,0.00,0,0
1503620047,lo,652.00,652.00,1304.00,652,652,6.00,6.00,12.00,6,6,0.00,0.00,0,0
1503620047,s4,0.00,0.00,0.00,0,0,0.00,0.00,0.00,0,0,0.00,0.00,0,0
1503620047,s3-eth2,150784.00,6154410.00,6305194.00,6154410,150784,2034.00,4065.00,6099.00,4065,2034,0.00,0.00,0,0
1503620047,s3-eth1,6154410.00,150710.00,6305120.00,150710,6154410,4065.00,2033.00,6098.00,2033,4065,0.00,0.00,0,0
1503620047,total,18914572.00,18914840.00,37829412.00,18914840,18914572,18300.00,18300.00,36600.00,18300,18300,0.00,0.00,0,0
1503620048,s5,0.00,0.00,0.00,0,0,0.00,0.00,0.00,0,0,0.00,0.00,0,0
1503620048,s1,0.00,0.00,0.00,0,0,0.00,0.00,0.00,0,0,0.00,0.00,0,0
1503620048,eth0,0.00,0.00,0.00,0,0,0.00,0.00,0.00,0,0,0.00,0.00,0,0
1503620048,eth1,0.00,0.00,0.00,0,0,0.00,0.00,0.00,0,0,0.00,0.00,0,0
1503620048,s2,0.00,0.00,0.00,0,0,0.00,0.00,0.00,0,0,0.00,0.00,0,0
1503620048,s1-eth2,152514.00,6240708.00,6393222.00,6240708,152514,2061.00,4122.00,6183.00,4122,2061,0.00,0.00,0,0
1503620048,s1-eth1,6240708.00,152514.00,6393222.00,152514,6240708,4122.00,2061.00,6183.00,2061,4122,0.00,0.00,0,0
1503620048,s3,0.00,0.00,0.00,0,0,0.00,0.00,0.00,0,0,0.00,0.00,0,0
1503620048,s2-eth2,152588.00,6240708.00,6393296.00,6240708,152588,2062.00,4122.00,6184.00,4122,2062,0.00,0.00,0,0
1503620048,s2-eth1,6240708.00,152514.00,6393222.00,152514,6240708,4122.00,2061.00,6183.00,2061,4122,0.00,0.00,0,0
1503620048,lo,0.00,0.00,0.00,0,0,0.00,0.00,0.00,0,0,0.00,0.00,0,0
1503620048,s4,0.00,0.00,0.00,0,0,0.00,0.00,0.00,0,0,0.00,0.00,0,0
1503620048,s3-eth2,152514.00,6242222.00,6394736.00,6242222,152514,2061.00,4123.00,6184.00,4123,2061,0.00,0.00,0,0
1503620048,s3-eth1,6240708.00,152588.00,6393296.00,152588,6240708,4122.00,2062.00,6184.00,2062,4122,0.00,0.00,0,0
1503620048,total,19179740.00,19181254.00,38360992.00,19181254,19179740,18550.00,18551.00,37101.00,18551,18550,0.00,0.00,0,0
1503620049,s5,0.00,0.00,0.00,0,0,0.00,0.00,0.00,0,0,0.00,0.00,0,0
1503620049,s1,0.00,214.00,214.00,214,0,0.00,2.00,2.00,2,0,0.00,0.00,0,0
1503620049,eth0,0.00,0.00,0.00,0,0,0.00,0.00,0.00,0,0,0.00,0.00,0,0
1503620049,eth1,0.00,0.00,0.00,0,0,0.00,0.00,0.00,0,0,0.00,0.00,0,0
1503620049,s2,0.00,214.00,214.00,214,0,0.00,2.00,2.00,2,0,0.00,0.00,0,0
1503620049,s1-eth2,151733.00,6203072.00,6354805.00,6203072,151733,2050.00,4099.00,6149.00,4099,2050,0.00,0.00,0,0
1503620049,s1-eth1,6203179.00,151626.00,6354805.00,151626,6203179,4100.00,2049.00,6149.00,2049,4100,0.00,0.00,0,0
1503620049,s3,0.00,449.00,449.00,449,0,0.00,2.00,2.00,2,0,0.00,0.00,0,0
1503620049,s2-eth2,152001.00,6202965.00,6354966.00,6202965,152001,2050.00,4098.00,6148.00,4098,2050,0.00,0.00,0,0
1503620049,s2-eth1,6203072.00,151733.00,6354805.00,151733,6203072,4099.00,2050.00,6149.00,2050,4099,0.00,0.00,0,0
1503620049,lo,2367.00,2367.00,4734.00,2367,2367,27.00,27.00,54.00,27,27,0.00,0.00,0,0
1503620049,s4,0.00,0.00,0.00,0,0,0.00,0.00,0.00,0,0,0.00,0.00,0,0
1503620049,s3-eth2,152108.00,6202858.00,6354966.00,6202858,152108,2051.00,4097.00,6148.00,4097,2051,0.00,0.00,0,0
1503620049,s3-eth1,6202965.00,152001.00,6354966.00,152001,6202965,4098.00,2050.00,6148.00,2050,4098,0.00,0.00,0,0
1503620049,total,19067424.00,19067500.00,38134924.00,19067499,19067425,18475.00,18476.00,36951.00,18476,18475,0.00,0.00,0,0
1503620050,s5,0.00,0.00,0.00,0,0,0.00,0.00,0.00,0,0,0.00,0.00,0,0
1503620050,s1,0.00,0.00,0.00,0,0,0.00,0.00,0.00,0,0,0.00,0.00,0,0
1503620050,eth0,0.00,0.00,0.00,0,0,0.00,0.00,0.00,0,0,0.00,0.00,0,0
1503620050,eth1,0.00,0.00,0.00,0,0,0.00,0.00,0.00,0,0,0.00,0.00,0,0
1503620050,s2,0.00,0.00,0.00,0,0,0.00,0.00,0.00,0,0,0.00,0.00,0,0
1503620050,s1-eth2,152662.00,6248278.00,6400940.00,6248278,152662,2063.00,4127.00,6190.00,4127,2063,0.00,0.00,0,0
1503620050,s1-eth1,6248620.00,152662.00,6401282.00,152662,6248620,4128.00,2063.00,6191.00,2063,4128,0.00,0.00,0,0
1503620050,s3,0.00,107.00,107.00,107,0,0.00,1.00,1.00,1,0,0.00,0.00,0,0
1503620050,s2-eth2,152769.00,6246764.00,6399533.00,6246764,152769,2064.00,4126.00,6190.00,4126,2064,0.00,0.00,0,0
1503620050,s2-eth1,6248278.00,152662.00,6400940.00,152662,6248278,4127.00,2063.00,6190.00,2063,4127,0.00,0.00,0,0
1503620050,lo,305.00,305.00,610.00,305,305,3.00,3.00,6.00,3,3,0.00,0.00,0,0
1503620050,s4,0.00,0.00,0.00,0,0,0.00,0.00,0.00,0,0,0.00,0.00,0,0
1503620050,s3-eth2,152843.00,6246764.00,6399607.00,6246764,152843,2065.00,4126.00,6191.00,4126,2065,0.00,0.00,0,0
1503620050,s3-eth1,6246764.00,152769.00,6399533.00,152769,6246764,4126.00,2064.00,6190.00,2064,4126,0.00,0.00,0,0
1503620050,total,19202240.00,19200312.00,38402552.00,19200311,19202241,18576.00,18573.00,37149.00,18573,18576,0.00,0.00,0,0
1503620051,s5,0.00,0.00,0.00,0,0,0.00,0.00,0.00,0,0,0.00,0.00,0,0
1503620051,s1,0.00,0.00,0.00,0,0,0.00,0.00,0.00,0,0,0.00,0.00,0,0
1503620051,eth0,0.00,0.00,0.00,0,0,0.00,0.00,0.00,0,0,0.00,0.00,0,0
1503620051,eth1,0.00,0.00,0.00,0,0,0.00,0.00,0.00,0,0,0.00,0.00,0,0
1503620051,s2,0.00,0.00,0.00,0,0,0.00,0.00,0.00,0,0,0.00,0.00,0,0
1503620051,s1-eth2,151034.00,6178634.00,6329668.00,6178634,151034,2041.00,4081.00,6122.00,4081,2041,0.00,0.00,0,0
1503620051,s1-eth1,6180148.00,151034.00,6331182.00,151034,6180148,4082.00,2041.00,6123.00,2041,4082,0.00,0.00,0,0
1503620051,s3,0.00,0.00,0.00,0,0,0.00,0.00,0.00,0,0,0.00,0.00,0,0
1503620051,s2-eth2,151034.00,6178634.00,6329668.00,6178634,151034,2041.00,4081.00,6122.00,4081,2041,0.00,0.00,0,0
1503620051,s2-eth1,6178634.00,151034.00,6329668.00,151034,6178634,4081.00,2041.00,6122.00,2041,4081,0.00,0.00,0,0
1503620051,lo,0.00,0.00,0.00,0,0,0.00,0.00,0.00,0,0,0.00,0.00,0,0
1503620051,s4,0.00,0.00,0.00,0,0,0.00,0.00,0.00,0,0,0.00,0.00,0,0
1503620051,s3-eth2,151376.00,6175606.00,6326982.00,6175606,151376,2042.00,4079.00,6121.00,4079,2042,0.00,0.00,0,0
1503620051,s3-eth1,6178634.00,151034.00,6329668.00,151034,6178634,4081.00,2041.00,6122.00,2041,4081,0.00,0.00,0,0
1503620051,total,18990860.00,18985976.00,37976836.00,18985976,18990860,18368.00,18364.00,36732.00,18364,18368,0.00,0.00,0,0
1503620052,s5,0.00,0.00,0.00,0,0,0.00,0.00,0.00,0,0,0.00,0.00,0,0
1503620052,s1,0.00,0.00,0.00,0,0,0.00,0.00,0.00,0,0,0.00,0.00,0,0
1503620052,eth0,0.00,0.00,0.00,0,0,0.00,0.00,0.00,0,0,0.00,0.00,0,0
1503620052,eth1,0.00,0.00,0.00,0,0,0.00,0.00,0.00,0,0,0.00,0.00,0,0
1503620052,s2,0.00,0.00,0.00,0,0,0.00,0.00,0.00,0,0,0.00,0.00,0,0
1503620052,s1-eth2,152070.00,6221026.00,6373096.00,6221026,152070,2055.00,4109.00,6164.00,4109,2055,0.00,0.00,0,0
1503620052,s1-eth1,6219512.00,151996.00,6371508.00,151996,6219512,4108.00,2054.00,6162.00,2054,4108,0.00,0.00,0,0
1503620052,s3,0.00,0.00,0.00,0,0,0.00,0.00,0.00,0,0,0.00,0.00,0,0
1503620052,s2-eth2,152070.00,6221026.00,6373096.00,6221026,152070,2055.00,4109.00,6164.00,4109,2055,0.00,0.00,0,0
1503620052,s2-eth1,6221026.00,152070.00,6373096.00,152070,6221026,4109.00,2055.00,6164.00,2055,4109,0.00,0.00,0,0
1503620052,lo,0.00,0.00,0.00,0,0,0.00,0.00,0.00,0,0,0.00,0.00,0,0
1503620052,s4,0.00,0.00,0.00,0,0,0.00,0.00,0.00,0,0,0.00,0.00,0,0
1503620052,s3-eth2,151996.00,6221026.00,6373022.00,6221026,151996,2054.00,4109.00,6163.00,4109,2054,0.00,0.00,0,0
1503620052,s3-eth1,6221026.00,152070.00,6373096.00,152070,6221026,4109.00,2055.00,6164.00,2055,4109,0.00,0.00,0,0
1503620052,total,19117700.00,19119214.00,38236912.00,19119214,19117700,18490.00,18491.00,36981.00,18491,18490,0.00,0.00,0,0
1503620053,s5,0.00,0.00,0.00,0,0,0.00,0.00,0.00,0,0,0.00,0.00,0,0
1503620053,s1,0.00,0.00,0.00,0,0,0.00,0.00,0.00,0,0,0.00,0.00,0,0
1503620053,eth0,0.00,0.00,0.00,0,0,0.00,0.00,0.00,0,0,0.00,0.00,0,0
1503620053,eth1,0.00,0.00,0.00,0,0,0.00,0.00,0.00,0,0,0.00,0.00,0,0
1503620053,s2,0.00,0.00,0.00,0,0,0.00,0.00,0.00,0,0,0.00,0.00,0,0
1503620053,s1-eth2,151182.00,6187718.00,6338900.00,6187718,151182,2043.00,4087.00,6130.00,4087,2043,0.00,0.00,0,0
1503620053,s1-eth1,6187718.00,151256.00,6338974.00,151256,6187718,4087.00,2044.00,6131.00,2044,4087,0.00,0.00,0,0
1503620053,s3,0.00,0.00,0.00,0,0,0.00,0.00,0.00,0,0,0.00,0.00,0,0
1503620053,s2-eth2,151182.00,6186204.00,6337386.00,6186204,151182,2043.00,4086.00,6129.00,4086,2043,0.00,0.00,0,0
1503620053,s2-eth1,6187718.00,151182.00,6338900.00,151182,6187718,4087.00,2043.00,6130.00,2043,4087,0.00,0.00,0,0
1503620053,lo,0.00,0.00,0.00,0,0,0.00,0.00,0.00,0,0,0.00,0.00,0,0
1503620053,s4,0.00,0.00,0.00,0,0,0.00,0.00,0.00,0,0,0.00,0.00,0,0
1503620053,s3-eth2,151256.00,6187718.00,6338974.00,6187718,151256,2044.00,4087.00,6131.00,4087,2044,0.00,0.00,0,0
1503620053,s3-eth1,6186204.00,151182.00,6337386.00,151182,6186204,4086.00,2043.00,6129.00,2043,4086,0.00,0.00,0,0
1503620053,total,19015260.00,19015260.00,38030520.00,19015260,19015260,18390.00,18390.00,36780.00,18390,18390,0.00,0.00,0,0
1503620054,s5,0.00,0.00,0.00,0,0,0.00,0.00,0.00,0,0,0.00,0.00,0,0
1503620054,s1,0.00,342.00,342.00,342,0,0.00,1.00,1.00,1,0,0.00,0.00,0,0
1503620054,eth0,0.00,0.00,0.00,0,0,0.00,0.00,0.00,0,0,0.00,0.00,0,0
1503620054,eth1,0.00,0.00,0.00,0,0,0.00,0.00,0.00,0,0,0.00,0.00,0,0
1503620054,s2,0.00,342.00,342.00,342,0,0.00,1.00,1.00,1,0,0.00,0.00,0,0
1503620054,s1-eth2,150664.00,6168378.00,6319042.00,6168378,150664,2036.00,4075.00,6111.00,4075,2036,0.00,0.00,0,0
1503620054,s1-eth1,6168378.00,150664.00,6319042.00,150664,6168378,4075.00,2036.00,6111.00,2036,4075,0.00,0.00,0,0
1503620054,s3,0.00,0.00,0.00,0,0,0.00,0.00,0.00,0,0,0.00,0.00,0,0
1503620054,s2-eth2,150738.00,6169892.00,6320630.00,6169892,150738,2037.00,4076.00,6113.00,4076,2037,0.00,0.00,0,0
1503620054,s2-eth1,6168378.00,150664.00,6319042.00,150664,6168378,4075.00,2036.00,6111.00,2036,4075,0.00,0.00,0,0
1503620054,lo,1512.00,1512.00,3024.00,1512,1512,21.00,21.00,42.00,21,21,0.00,0.00,0,0
1503620054,s4,0.00,0.00,0.00,0,0,0.00,0.00,0.00,0,0,0.00,0.00,0,0
1503620054,s3-eth2,150664.00,6171064.00,6321728.00,6171064,150664,2036.00,4076.00,6112.00,4076,2036,0.00,0.00,0,0
1503620054,s3-eth1,6169892.00,150738.00,6320630.00,150738,6169892,4076.00,2037.00,6113.00,2037,4076,0.00,0.00,0,0
1503620054,total,18960226.00,18963596.00,37923824.00,18963596,18960226,18356.00,18359.00,36715.00,18359,18356,0.00,0.00,0,0
1503620055,s5,0.00,0.00,0.00,0,0,0.00,0.00,0.00,0,0,0.00,0.00,0,0
1503620055,s1,0.00,0.00,0.00,0,0,0.00,0.00,0.00,0,0,0.00,0.00,0,0
1503620055,eth0,0.00,0.00,0.00,0,0,0.00,0.00,0.00,0,0,0.00,0.00,0,0
1503620055,eth1,0.00,0.00,0.00,0,0,0.00,0.00,0.00,0,0,0.00,0.00,0,0
1503620055,s2,0.00,0.00,0.00,0,0,0.00,0.00,0.00,0,0,0.00,0.00,0,0
1503620055,s1-eth2,152070.00,6221026.00,6373096.00,6221026,152070,2055.00,4109.00,6164.00,4109,2055,0.00,0.00,0,0
1503620055,s1-eth1,6221026.00,152070.00,6373096.00,152070,6221026,4109.00,2055.00,6164.00,2055,4109,0.00,0.00,0,0
1503620055,s3,0.00,0.00,0.00,0,0,0.00,0.00,0.00,0,0,0.00,0.00,0,0
1503620055,s2-eth2,152070.00,6221026.00,6373096.00,6221026,152070,2055.00,4109.00,6164.00,4109,2055,0.00,0.00,0,0
1503620055,s2-eth1,6221026.00,152070.00,6373096.00,152070,6221026,4109.00,2055.00,6164.00,2055,4109,0.00,0.00,0,0
1503620055,lo,0.00,0.00,0.00,0,0,0.00,0.00,0.00,0,0,0.00,0.00,0,0
1503620055,s4,0.00,0.00,0.00,0,0,0.00,0.00,0.00,0,0,0.00,0.00,0,0
1503620055,s3-eth2,152070.00,6221026.00,6373096.00,6221026,152070,2055.00,4109.00,6164.00,4109,2055,0.00,0.00,0,0
1503620055,s3-eth1,6221026.00,152070.00,6373096.00,152070,6221026,4109.00,2055.00,6164.00,2055,4109,0.00,0.00,0,0
1503620055,total,19119288.00,19119288.00,38238576.00,19119288,19119288,18492.00,18492.00,36984.00,18492,18492,0.00,0.00,0,0
1503620056,s5,0.00,0.00,0.00,0,0,0.00,0.00,0.00,0,0,0.00,0.00,0,0
1503620056,s1,0.00,640.00,640.00,640,0,0.00,4.00,4.00,4,0,0.00,0.00,0,0
1503620056,eth0,304.00,490.00,794.00,490,304,4.00,4.00,8.00,4,4,0.00,0.00,0,0
1503620056,eth1,0.00,0.00,0.00,0,0,0.00,0.00,0.00,0,0,0.00,0.00,0,0
1503620056,s2,0.00,0.00,0.00,0,0,0.00,0.00,0.00,0,0,0.00,0.00,0,0
1503620056,s1-eth2,140156.00,5734158.00,5874314.00,5734158,140156,1894.00,3791.00,5685.00,3791,1894,0.00,0.00,0,0
1503620056,s1-eth1,5735672.00,140156.00,5875828.00,140156,5735672,3792.00,1894.00,5686.00,1894,3792,0.00,0.00,0,0
1503620056,s3,0.00,0.00,0.00,0,0,0.00,0.00,0.00,0,0,0.00,0.00,0,0
1503620056,s2-eth2,140082.00,5732004.00,5872086.00,5732004,140082,1893.00,3786.00,5679.00,3786,1893,0.00,0.00,0,0
1503620056,s2-eth1,5734158.00,140156.00,5874314.00,140156,5734158,3791.00,1894.00,5685.00,1894,3791,0.00,0.00,0,0
1503620056,lo,1900.00,1900.00,3800.00,1900,1900,20.00,20.00,40.00,20,20,0.00,0.00,0,0
1503620056,s4,0.00,0.00,0.00,0,0,0.00,0.00,0.00,0,0,0.00,0.00,0,0
1503620056,s3-eth2,140156.00,5707780.00,5847936.00,5707780,140156,1894.00,3770.00,5664.00,3770,1894,0.00,0.00,0,0
1503620056,s3-eth1,5732004.00,140082.00,5872086.00,140082,5732004,3786.00,1893.00,5679.00,1893,3786,0.00,0.00,0,0
1503620056,total,17624432.00,17597366.00,35221800.00,17597366,17624432,17074.00,17056.00,34130.00,17056,17074,0.00,0.00,0,0
1503620057,s5,0.00,0.00,0.00,0,0,0.00,0.00,0.00,0,0,0.00,0.00,0,0
1503620057,s1,0.00,357.00,357.00,357,0,0.00,4.00,4.00,4,0,0.00,0.00,0,0
1503620057,eth0,304.00,490.00,794.00,490,304,4.00,4.00,8.00,4,4,0.00,0.00,0,0
1503620057,eth1,0.00,0.00,0.00,0,0,0.00,0.00,0.00,0,0,0.00,0.00,0,0
1503620057,s2,0.00,342.00,342.00,342,0,0.00,1.00,1.00,1,0,0.00,0.00,0,0
1503620057,s1-eth2,146682.00,5988269.00,6134951.00,5988269,146682,1979.00,3960.00,5939.00,3960,1979,0.00,0.00,0,0
1503620057,s1-eth1,5986755.00,146340.00,6133095.00,146340,5986755,3959.00,1978.00,5937.00,1978,3959,0.00,0.00,0,0
1503620057,s3,0.00,342.00,342.00,342,0,0.00,1.00,1.00,1,0,0.00,0.00,0,0
1503620057,s2-eth2,146756.00,5989426.00,6136182.00,5989426,146756,1980.00,3957.00,5937.00,3957,1980,0.00,0.00,0,0
1503620057,s2-eth1,5988269.00,146682.00,6134951.00,146682,5988269,3960.00,1979.00,5939.00,1979,3960,0.00,0.00,0,0
1503620057,lo,3371.00,3371.00,6742.00,3371,3371,35.00,35.00,70.00,35,35,0.00,0.00,0,0
1503620057,s4,0.00,0.00,0.00,0,0,0.00,0.00,0.00,0,0,0.00,0.00,0,0
1503620057,s3-eth2,146682.00,6010622.00,6157304.00,6010622,146682,1979.00,3971.00,5950.00,3971,1979,0.00,0.00,0,0
1503620057,s3-eth1,5989426.00,146756.00,6136182.00,146756,5989426,3957.00,1980.00,5937.00,1980,3957,0.00,0.00,0,0
1503620057,total,18408244.00,18432996.00,36841240.00,18432997,18408245,17853.00,17870.00,35723.00,17870,17853,0.00,0.00,0,0
1503620058,s5,0.00,0.00,0.00,0,0,0.00,0.00,0.00,0,0,0.00,0.00,0,0
1503620058,s1,0.00,2216.00,2216.00,2216,0,0.00,9.00,9.00,9,0,0.00,0.00,0,0
1503620058,eth0,152.00,245.00,397.00,245,152,2.00,2.00,4.00,2,2,0.00,0.00,0,0
1503620058,eth1,0.00,0.00,0.00,0,0,0.00,0.00,0.00,0,0,0.00,0.00,0,0
1503620058,s2,0.00,0.00,0.00,0,0,0.00,0.00,0.00,0,0,0.00,0.00,0,0
1503620058,s1-eth2,150664.00,6165710.00,6316374.00,6165710,150664,2036.00,4080.00,6116.00,4080,2036,0.00,0.00,0,0
1503620058,s1-eth1,6167224.00,150664.00,6317888.00,150664,6167224,4081.00,2036.00,6117.00,2036,4081,0.00,0.00,0,0
1503620058,s3,0.00,0.00,0.00,0,0,0.00,0.00,0.00,0,0,0.00,0.00,0,0
1503620058,s2-eth2,150664.00,6168036.00,6318700.00,6168036,150664,2036.00,4074.00,6110.00,4074,2036,0.00,0.00,0,0
1503620058,s2-eth1,6165710.00,150664.00,6316374.00,150664,6165710,4080.00,2036.00,6116.00,2036,4080,0.00,0.00,0,0
1503620058,lo,3198.00,3198.00,6396.00,3198,3198,31.00,31.00,62.00,31,31,0.00,0.00,0,0
1503620058,s4,0.00,0.00,0.00,0,0,0.00,0.00,0.00,0,0,0.00,0.00,0,0
1503620058,s3-eth2,150664.00,6168036.00,6318700.00,6168036,150664,2036.00,4074.00,6110.00,4074,2036,0.00,0.00,0,0
1503620058,s3-eth1,6168036.00,150664.00,6318700.00,150664,6168036,4074.00,2036.00,6110.00,2036,4074,0.00,0.00,0,0
1503620058,total,18956312.00,18959432.00,37915744.00,18959433,18956312,18376.00,18378.00,36754.00,18378,18376,0.00,0.00,0,0
1503620059,s5,0.00,0.00,0.00,0,0,0.00,0.00,0.00,0,0,0.00,0.00,0,0
1503620059,s1,0.00,520.00,520.00,520,0,0.00,2.00,2.00,2,0,0.00,0.00,0,0
1503620059,eth0,0.00,0.00,0.00,0,0,0.00,0.00,0.00,0,0,0.00,0.00,0,0
1503620059,eth1,0.00,0.00,0.00,0,0,0.00,0.00,0.00,0,0,0.00,0.00,0,0
1503620059,s2,0.00,0.00,0.00,0,0,0.00,0.00,0.00,0,0,0.00,0.00,0,0
1503620059,s1-eth2,152070.00,6221546.00,6373616.00,6221546,152070,2055.00,4111.00,6166.00,4111,2055,0.00,0.00,0,0
1503620059,s1-eth1,6221546.00,151996.00,6373542.00,151996,6221546,4111.00,2054.00,6165.00,2054,4111,0.00,0.00,0,0
1503620059,s3,0.00,0.00,0.00,0,0,0.00,0.00,0.00,0,0,0.00,0.00,0,0
1503620059,s2-eth2,151996.00,6222540.00,6374536.00,6222540,151996,2054.00,4110.00,6164.00,4110,2054,0.00,0.00,0,0
1503620059,s2-eth1,6221546.00,152070.00,6373616.00,152070,6221546,4111.00,2055.00,6166.00,2055,4111,0.00,0.00,0,0
1503620059,lo,996.00,996.00,1992.00,996,996,12.00,12.00,24.00,12,12,0.00,0.00,0,0
1503620059,s4,0.00,0.00,0.00,0,0,0.00,0.00,0.00,0,0,0.00,0.00,0,0
1503620059,s3-eth2,151996.00,6224054.00,6376050.00,6224054,151996,2054.00,4111.00,6165.00,4111,2054,0.00,0.00,0,0
1503620059,s3-eth1,6222540.00,151996.00,6374536.00,151996,6222540,4110.00,2054.00,6164.00,2054,4110,0.00,0.00,0,0
1503620059,total,19122690.00,19125718.00,38248408.00,19125718,19122690,18507.00,18509.00,37016.00,18509,18507,0.00,0.00,0,0
1503620060,s5,0.00,0.00,0.00,0,0,0.00,0.00,0.00,0,0,0.00,0.00,0,0
1503620060,s1,0.00,107.00,107.00,107,0,0.00,1.00,1.00,1,0,0.00,0.00,0,0
1503620060,eth0,0.00,0.00,0.00,0,0,0.00,0.00,0.00,0,0,0.00,0.00,0,0
1503620060,eth1,0.00,0.00,0.00,0,0,0.00,0.00,0.00,0,0,0.00,0.00,0,0
1503620060,s2,0.00,0.00,0.00,0,0,0.00,0.00,0.00,0,0,0.00,0.00,0,0
1503620060,s1-eth2,152218.00,6230217.00,6382435.00,6230217,152218,2057.00,4116.00,6173.00,4116,2057,0.00,0.00,0,0
1503620060,s1-eth1,6228703.00,152292.00,6380995.00,152292,6228703,4115.00,2058.00,6173.00,2058,4115,0.00,0.00,0,0
1503620060,s3,0.00,0.00,0.00,0,0,0.00,0.00,0.00,0,0,0.00,0.00,0,0
1503620060,s2-eth2,152218.00,6230110.00,6382328.00,6230110,152218,2057.00,4115.00,6172.00,4115,2057,0.00,0.00,0,0
1503620060,s2-eth1,6230217.00,152218.00,6382435.00,152218,6230217,4116.00,2057.00,6173.00,2057,4116,0.00,0.00,0,0
1503620060,lo,305.00,305.00,610.00,305,305,3.00,3.00,6.00,3,3,0.00,0.00,0,0
1503620060,s4,0.00,0.00,0.00,0,0,0.00,0.00,0.00,0,0,0.00,0.00,0,0
1503620060,s3-eth2,152292.00,6230110.00,6382402.00,6230110,152292,2058.00,4115.00,6173.00,4115,2058,0.00,0.00,0,0
1503620060,s3-eth1,6230110.00,152218.00,6382328.00,152218,6230110,4115.00,2057.00,6172.00,2057,4115,0.00,0.00,0,0
1503620060,total,19146064.00,19147576.00,38293640.00,19147577,19146063,18521.00,18522.00,37043.00,18522,18521,0.00,0.00,0,0
1503620061,s5,0.00,0.00,0.00,0,0,0.00,0.00,0.00,0,0,0.00,0.00,0,0
1503620061,s1,0.00,341.00,341.00,341,0,0.00,2.00,2.00,2,0,0.00,0.00,0,0
1503620061,eth0,0.00,0.00,0.00,0,0,0.00,0.00,0.00,0,0,0.00,0.00,0,0
1503620061,eth1,0.00,0.00,0.00,0,0,0.00,0.00,0.00,0,0,0.00,0.00,0,0
1503620061,s2,0.00,0.00,0.00,0,0,0.00,0.00,0.00,0,0,0.00,0.00,0,0
1503620061,s1-eth2,150220.00,6148695.00,6298915.00,6148695,150220,2030.00,4063.00,6093.00,4063,2030,0.00,0.00,0,0
1503620061,s1-eth1,6148695.00,150220.00,6298915.00,150220,6148695,4063.00,2030.00,6093.00,2030,4063,0.00,0.00,0,0
1503620061,s3,0.00,0.00,0.00,0,0,0.00,0.00,0.00,0,0,0.00,0.00,0,0
1503620061,s2-eth2,150294.00,6149868.00,6300162.00,6149868,150294,2031.00,4062.00,6093.00,4062,2031,0.00,0.00,0,0
1503620061,s2-eth1,6148695.00,150220.00,6298915.00,150220,6148695,4063.00,2030.00,6093.00,2030,4063,0.00,0.00,0,0
1503620061,lo,938.00,938.00,1876.00,938,938,12.00,12.00,24.00,12,12,0.00,0.00,0,0
1503620061,s4,0.00,0.00,0.00,0,0,0.00,0.00,0.00,0,0,0.00,0.00,0,0
1503620061,s3-eth2,150562.00,6149868.00,6300430.00,6149868,150562,2031.00,4062.00,6093.00,4062,2031,0.00,0.00,0,0
1503620061,s3-eth1,6149868.00,150294.00,6300162.00,150294,6149868,4062.00,2031.00,6093.00,2031,4062,0.00,0.00,0,0
1503620061,total,18899272.00,18900444.00,37799716.00,18900444,18899272,18292.00,18292.00,36584.00,18292,18292,0.00,0.00,0,0
1503620062,s5,0.00,0.00,0.00,0,0,0.00,0.00,0.00,0,0,0.00,0.00,0,0
1503620062,s1,0.00,331.00,331.00,331,0,0.00,1.00,1.00,1,0,0.00,0.00,0,0
1503620062,eth0,0.00,0.00,0.00,0,0,0.00,0.00,0.00,0,0,0.00,0.00,0,0
1503620062,eth1,0.00,0.00,0.00,0,0,0.00,0.00,0.00,0,0,0.00,0.00,0,0
1503620062,s2,0.00,0.00,0.00,0,0,0.00,0.00,0.00,0,0,0.00,0.00,0,0
1503620062,s1-eth2,151774.00,6210759.00,6362533.00,6210759,151774,2051.00,4103.00,6154.00,4103,2051,0.00,0.00,0,0
1503620062,s1-eth1,6210759.00,151774.00,6362533.00,151774,6210759,4103.00,2051.00,6154.00,2051,4103,0.00,0.00,0,0
1503620062,s3,0.00,0.00,0.00,0,0,0.00,0.00,0.00,0,0,0.00,0.00,0,0
1503620062,s2-eth2,151700.00,6211942.00,6363642.00,6211942,151700,2050.00,4103.00,6153.00,4103,2050,0.00,0.00,0,0
1503620062,s2-eth1,6210759.00,151774.00,6362533.00,151774,6210759,4103.00,2051.00,6154.00,2051,4103,0.00,0.00,0,0
1503620062,lo,326.00,326.00,652.00,326,326,3.00,3.00,6.00,3,3,0.00,0.00,0,0
1503620062,s4,0.00,0.00,0.00,0,0,0.00,0.00,0.00,0,0,0.00,0.00,0,0
1503620062,s3-eth2,151774.00,6213456.00,6365230.00,6213456,151774,2051.00,4104.00,6155.00,4104,2051,0.00,0.00,0,0
1503620062,s3-eth1,6211942.00,151700.00,6363642.00,151700,6211942,4103.00,2050.00,6153.00,2050,4103,0.00,0.00,0,0
1503620062,total,19089034.00,19092062.00,38181096.00,19092062,19089034,18464.00,18466.00,36930.00,18466,18464,0.00,0.00,0,0
1503620063,s5,0.00,0.00,0.00,0,0,0.00,0.00,0.00,0,0,0.00,0.00,0,0
1503620063,s1,0.00,0.00,0.00,0,0,0.00,0.00,0.00,0,0,0.00,0.00,0,0
1503620063,eth0,0.00,0.00,0.00,0,0,0.00,0.00,0.00,0,0,0.00,0.00,0,0
1503620063,eth1,0.00,0.00,0.00,0,0,0.00,0.00,0.00,0,0,0.00,0.00,0,0
1503620063,s2,0.00,0.00,0.00,0,0,0.00,0.00,0.00,0,0,0.00,0.00,0,0
1503620063,s1-eth2,152588.00,6242222.00,6394810.00,6242222,152588,2062.00,4123.00,6185.00,4123,2062,0.00,0.00,0,0
1503620063,s1-eth1,6242222.00,152514.00,6394736.00,152514,6242222,4123.00,2061.00,6184.00,2061,4123,0.00,0.00,0,0
1503620063,s3,0.00,0.00,0.00,0,0,0.00,0.00,0.00,0,0,0.00,0.00,0,0
1503620063,s2-eth2,152588.00,6242222.00,6394810.00,6242222,152588,2062.00,4123.00,6185.00,4123,2062,0.00,0.00,0,0
1503620063,s2-eth1,6242222.00,152588.00,6394810.00,152588,6242222,4123.00,2062.00,6185.00,2062,4123,0.00,0.00,0,0
1503620063,lo,0.00,0.00,0.00,0,0,0.00,0.00,0.00,0,0,0.00,0.00,0,0
1503620063,s4,0.00,0.00,0.00,0,0,0.00,0.00,0.00,0,0,0.00,0.00,0,0
1503620063,s3-eth2,152514.00,6240708.00,6393222.00,6240708,152514,2061.00,4122.00,6183.00,4122,2061,0.00,0.00,0,0
1503620063,s3-eth1,6242222.00,152588.00,6394810.00,152588,6242222,4123.00,2062.00,6185.00,2062,4123,0.00,0.00,0,0
1503620063,total,19184356.00,19182842.00,38367200.00,19182842,19184356,18554.00,18553.00,37107.00,18553,18554,0.00,0.00,0,0
1503620064,s5,0.00,0.00,0.00,0,0,0.00,0.00,0.00,0,0,0.00,0.00,0,0
1503620064,s1,0.00,449.00,449.00,449,0,0.00,2.00,2.00,2,0,0.00,0.00,0,0
1503620064,eth0,0.00,0.00,0.00,0,0,0.00,0.00,0.00,0,0,0.00,0.00,0,0
1503620064,eth1,0.00,0.00,0.00,0,0,0.00,0.00,0.00,0,0,0.00,0.00,0,0
1503620064,s2,0.00,0.00,0.00,0,0,0.00,0.00,0.00,0,0,0.00,0.00,0,0
1503620064,s1-eth2,149924.00,6141233.00,6291157.00,6141233,149924,2026.00,4058.00,6084.00,4058,2026,0.00,0.00,0,0
1503620064,s1-eth1,6136691.00,149998.00,6286689.00,149998,6136691,4055.00,2027.00,6082.00,2027,4055,0.00,0.00,0,0
1503620064,s3,0.00,0.00,0.00,0,0,0.00,0.00,0.00,0,0,0.00,0.00,0,0
1503620064,s2-eth2,149998.00,6139270.00,6289268.00,6139270,149998,2027.00,4055.00,6082.00,4055,2027,0.00,0.00,0,0
1503620064,s2-eth1,6141233.00,149924.00,6291157.00,149924,6141233,4058.00,2026.00,6084.00,2026,4058,0.00,0.00,0,0
1503620064,lo,975.00,975.00,1950.00,975,975,12.00,12.00,24.00,12,12,0.00,0.00,0,0
1503620064,s4,0.00,0.00,0.00,0,0,0.00,0.00,0.00,0,0,0.00,0.00,0,0
1503620064,s3-eth2,149998.00,6145326.00,6295324.00,6145326,149998,2027.00,4059.00,6086.00,4059,2027,0.00,0.00,0,0
1503620064,s3-eth1,6139270.00,149998.00,6289268.00,149998,6139270,4055.00,2027.00,6082.00,2027,4055,0.00,0.00,0,0
1503620064,total,18868088.00,18877172.00,37745264.00,18877173,18868089,18260.00,18266.00,36526.00,18266,18260,0.00,0.00,0,0
1503620065,s5,0.00,0.00,0.00,0,0,0.00,0.00,0.00,0,0,0.00,0.00,0,0
1503620065,s1,0.00,177.00,177.00,177,0,0.00,2.00,2.00,2,0,0.00,0.00,0,0
1503620065,eth0,0.00,0.00,0.00,0,0,0.00,0.00,0.00,0,0,0.00,0.00,0,0
1503620065,eth1,0.00,0.00,0.00,0,0,0.00,0.00,0.00,0,0,0.00,0.00,0,0
1503620065,s2,0.00,214.00,214.00,214,0,0.00,2.00,2.00,2,0,0.00,0.00,0,0
1503620065,s1-eth2,152251.00,6224231.00,6376482.00,6224231,152251,2057.00,4113.00,6170.00,4113,2057,0.00,0.00,0,0
1503620065,s1-eth1,6226194.00,152144.00,6378338.00,152144,6226194,4116.00,2056.00,6172.00,2056,4116,0.00,0.00,0,0
1503620065,s3,0.00,107.00,107.00,107,0,0.00,1.00,1.00,1,0,0.00,0.00,0,0
1503620065,s2-eth2,152251.00,6224161.00,6376412.00,6224161,152251,2057.00,4112.00,6169.00,4112,2057,0.00,0.00,0,0
1503620065,s2-eth1,6224231.00,152251.00,6376482.00,152251,6224231,4113.00,2057.00,6170.00,2057,4113,0.00,0.00,0,0
1503620065,lo,1488.00,1488.00,2976.00,1488,1488,15.00,15.00,30.00,15,15,0.00,0.00,0,0
1503620065,s4,0.00,0.00,0.00,0,0,0.00,0.00,0.00,0,0,0.00,0.00,0,0
1503620065,s3-eth2,152358.00,6224054.00,6376412.00,6224054,152358,2058.00,4111.00,6169.00,4111,2058,0.00,0.00,0,0
1503620065,s3-eth1,6224161.00,152251.00,6376412.00,152251,6224161,4112.00,2057.00,6169.00,2057,4112,0.00,0.00,0,0
1503620065,total,19132934.00,19131078.00,38264012.00,19131078,19132934,18528.00,18526.00,37054.00,18526,18528,0.00,0.00,0,0
1503620066,s5,0.00,0.00,0.00,0,0,0.00,0.00,0.00,0,0,0.00,0.00,0,0
1503620066,s1,0.00,0.00,0.00,0,0,0.00,0.00,0.00,0,0,0.00,0.00,0,0
1503620066,eth0,0.00,0.00,0.00,0,0,0.00,0.00,0.00,0,0,0.00,0.00,0,0
1503620066,eth1,0.00,0.00,0.00,0,0,0.00,0.00,0.00,0,0,0.00,0.00,0,0
1503620066,s2,0.00,0.00,0.00,0,0,0.00,0.00,0.00,0,0,0.00,0.00,0,0
1503620066,s1-eth2,150442.00,6160466.00,6310908.00,6160466,150442,2033.00,4069.00,6102.00,4069,2033,0.00,0.00,0,0
1503620066,s1-eth1,6155924.00,150442.00,6306366.00,150442,6155924,4066.00,2033.00,6099.00,2033,4066,0.00,0.00,0,0
1503620066,s3,0.00,449.00,449.00,449,0,0.00,2.00,2.00,2,0,0.00,0.00,0,0
1503620066,s2-eth2,150817.00,6155924.00,6306741.00,6155924,150817,2034.00,4066.00,6100.00,4066,2034,0.00,0.00,0,0
1503620066,s2-eth1,6160466.00,150442.00,6310908.00,150442,6160466,4069.00,2033.00,6102.00,2033,4069,0.00,0.00,0,0
1503620066,lo,631.00,631.00,1262.00,631,631,6.00,6.00,12.00,6,6,0.00,0.00,0,0
1503620066,s4,0.00,0.00,0.00,0,0,0.00,0.00,0.00,0,0,0.00,0.00,0,0
1503620066,s3-eth2,150817.00,6157438.00,6308255.00,6157438,150817,2034.00,4067.00,6101.00,4067,2034,0.00,0.00,0,0
1503620066,s3-eth1,6155924.00,150817.00,6306741.00,150817,6155924,4066.00,2034.00,6100.00,2034,4066,0.00,0.00,0,0
1503620066,total,18925020.00,18926608.00,37851632.00,18926609,18925021,18308.00,18310.00,36618.00,18310,18308,0.00,0.00,0,0
1503620067,s5,0.00,0.00,0.00,0,0,0.00,0.00,0.00,0,0,0.00,0.00,0,0
1503620067,s1,0.00,0.00,0.00,0,0,0.00,0.00,0.00,0,0,0.00,0.00,0,0
1503620067,eth0,0.00,0.00,0.00,0,0,0.00,0.00,0.00,0,0,0.00,0.00,0,0
1503620067,eth1,107.00,0.00,107.00,0,107,1.00,0.00,1.00,0,1,0.00,0.00,0,0
1503620067,s2,0.00,0.00,0.00,0,0,0.00,0.00,0.00,0,0,0.00,0.00,0,0
1503620067,s1-eth2,152070.00,6222540.00,6374610.00,6222540,152070,2055.00,4110.00,6165.00,4110,2055,0.00,0.00,0,0
1503620067,s1-eth1,6222540.00,152070.00,6374610.00,152070,6222540,4110.00,2055.00,6165.00,2055,4110,0.00,0.00,0,0
1503620067,s3,0.00,0.00,0.00,0,0,0.00,0.00,0.00,0,0,0.00,0.00,0,0
1503620067,s2-eth2,152144.00,6222540.00,6374684.00,6222540,152144,2056.00,4110.00,6166.00,4110,2056,0.00,0.00,0,0
1503620067,s2-eth1,6224054.00,152144.00,6376198.00,152144,6224054,4111.00,2056.00,6167.00,2056,4111,0.00,0.00,0,0
1503620067,lo,0.00,0.00,0.00,0,0,0.00,0.00,0.00,0,0,0.00,0.00,0,0
1503620067,s4,0.00,0.00,0.00,0,0,0.00,0.00,0.00,0,0,0.00,0.00,0,0
1503620067,s3-eth2,152144.00,6224054.00,6376198.00,6224054,152144,2056.00,4111.00,6167.00,4111,2056,0.00,0.00,0,0
1503620067,s3-eth1,6224054.00,152144.00,6376198.00,152144,6224054,4111.00,2056.00,6167.00,2056,4111,0.00,0.00,0,0
1503620067,total,19127112.00,19125492.00,38252604.00,19125492,19127113,18500.00,18498.00,36998.00,18498,18500,0.00,0.00,0,0
1503620068,s5,0.00,0.00,0.00,0,0,0.00,0.00,0.00,0,0,0.00,0.00,0,0
1503620068,s1,0.00,0.00,0.00,0,0,0.00,0.00,0.00,0,0,0.00,0.00,0,0
1503620068,eth0,0.00,0.00,0.00,0,0,0.00,0.00,0.00,0,0,0.00,0.00,0,0
1503620068,eth1,0.00,0.00,0.00,0,0,0.00,0.00,0.00,0,0,0.00,0.00,0,0
1503620068,s2,0.00,0.00,0.00,0,0,0.00,0.00,0.00,0,0,0.00,0.00,0,0
1503620068,s1-eth2,152588.00,6242222.00,6394810.00,6242222,152588,2062.00,4123.00,6185.00,4123,2062,0.00,0.00,0,0
1503620068,s1-eth1,6242222.00,152514.00,6394736.00,152514,6242222,4123.00,2061.00,6184.00,2061,4123,0.00,0.00,0,0
1503620068,s3,0.00,0.00,0.00,0,0,0.00,0.00,0.00,0,0,0.00,0.00,0,0
1503620068,s2-eth2,152514.00,6242222.00,6394736.00,6242222,152514,2061.00,4123.00,6184.00,4123,2061,0.00,0.00,0,0
1503620068,s2-eth1,6240708.00,152514.00,6393222.00,152514,6240708,4122.00,2061.00,6183.00,2061,4122,0.00,0.00,0,0
1503620068,lo,0.00,0.00,0.00,0,0,0.00,0.00,0.00,0,0,0.00,0.00,0,0
1503620068,s4,0.00,0.00,0.00,0,0,0.00,0.00,0.00,0,0,0.00,0.00,0,0
1503620068,s3-eth2,152514.00,6240708.00,6393222.00,6240708,152514,2061.00,4122.00,6183.00,4122,2061,0.00,0.00,0,0
1503620068,s3-eth1,6240708.00,152514.00,6393222.00,152514,6240708,4122.00,2061.00,6183.00,2061,4122,0.00,0.00,0,0
1503620068,total,19181254.00,19182694.00,38363948.00,19182694,19181254,18551.00,18551.00,37102.00,18551,18551,0.00,0.00,0,0
1503620069,s5,0.00,0.00,0.00,0,0,0.00,0.00,0.00,0,0,0.00,0.00,0,0
1503620069,s1,0.00,0.00,0.00,0,0,0.00,0.00,0.00,0,0,0.00,0.00,0,0
1503620069,eth0,0.00,0.00,0.00,0,0,0.00,0.00,0.00,0,0,0.00,0.00,0,0
1503620069,eth1,0.00,0.00,0.00,0,0,0.00,0.00,0.00,0,0,0.00,0.00,0,0
1503620069,s2,0.00,342.00,342.00,342,0,0.00,1.00,1.00,1,0,0.00,0.00,0,0
1503620069,s1-eth2,150710.00,6154410.00,6305120.00,6154410,150710,2033.00,4065.00,6098.00,4065,2033,0.00,0.00,0,0
1503620069,s1-eth1,6154410.00,150442.00,6304852.00,150442,6154410,4065.00,2033.00,6098.00,2033,4065,0.00,0.00,0,0
1503620069,s3,0.00,342.00,342.00,342,0,0.00,1.00,1.00,1,0,0.00,0.00,0,0
1503620069,s2-eth2,150784.00,6154410.00,6305194.00,6154410,150784,2034.00,4065.00,6099.00,4065,2034,0.00,0.00,0,0
1503620069,s2-eth1,6154410.00,150710.00,6305120.00,150710,6154410,4065.00,2033.00,6098.00,2033,4065,0.00,0.00,0,0
1503620069,lo,996.00,996.00,1992.00,996,996,12.00,12.00,24.00,12,12,0.00,0.00,0,0
1503620069,s4,0.00,0.00,0.00,0,0,0.00,0.00,0.00,0,0,0.00,0.00,0,0
1503620069,s3-eth2,150784.00,6146840.00,6297624.00,6146840,150784,2034.00,4060.00,6094.00,4060,2034,0.00,0.00,0,0
1503620069,s3-eth1,6154410.00,150784.00,6305194.00,150784,6154410,4065.00,2034.00,6099.00,2034,4065,0.00,0.00,0,0
1503620069,total,18916504.00,18909276.00,37825780.00,18909276,18916504,18308.00,18304.00,36612.00,18304,18308,0.00,0.00,0,0
1503620070,s5,0.00,0.00,0.00,0,0,0.00,0.00,0.00,0,0,0.00,0.00,0,0
1503620070,s1,0.00,0.00,0.00,0,0,0.00,0.00,0.00,0,0,0.00,0.00,0,0
1503620070,eth0,0.00,0.00,0.00,0,0,0.00,0.00,0.00,0,0,0.00,0.00,0,0
1503620070,eth1,0.00,0.00,0.00,0,0,0.00,0.00,0.00,0,0,0.00,0.00,0,0
1503620070,s2,0.00,0.00,0.00,0,0,0.00,0.00,0.00,0,0,0.00,0.00,0,0
1503620070,s1-eth2,152588.00,6239194.00,6391782.00,6239194,152588,2062.00,4121.00,6183.00,4121,2062,0.00,0.00,0,0
1503620070,s1-eth1,6239194.00,152514.00,6391708.00,152514,6239194,4121.00,2061.00,6182.00,2061,4121,0.00,0.00,0,0
1503620070,s3,0.00,0.00,0.00,0,0,0.00,0.00,0.00,0,0,0.00,0.00,0,0
1503620070,s2-eth2,152514.00,6240708.00,6393222.00,6240708,152514,2061.00,4122.00,6183.00,4122,2061,0.00,0.00,0,0
1503620070,s2-eth1,6239194.00,152588.00,6391782.00,152588,6239194,4121.00,2062.00,6183.00,2062,4121,0.00,0.00,0,0
1503620070,lo,172.00,172.00,344.00,172,172,3.00,3.00,6.00,3,3,0.00,0.00,0,0
1503620070,s4,0.00,0.00,0.00,0,0,0.00,0.00,0.00,0,0,0.00,0.00,0,0
1503620070,s3-eth2,152514.00,6240708.00,6393222.00,6240708,152514,2061.00,4122.00,6183.00,4122,2061,0.00,0.00,0,0
1503620070,s3-eth1,6240708.00,152514.00,6393222.00,152514,6240708,4122.00,2061.00,6183.00,2061,4122,0.00,0.00,0,0
1503620070,total,19176884.00,19178398.00,38355280.00,19178398,19176884,18551.00,18552.00,37103.00,18552,18551,0.00,0.00,0,0
1503620071,s5,0.00,0.00,0.00,0,0,0.00,0.00,0.00,0,0,0.00,0.00,0,0
1503620071,s1,0.00,0.00,0.00,0,0,0.00,0.00,0.00,0,0,0.00,0.00,0,0
1503620071,eth0,0.00,0.00,0.00,0,0,0.00,0.00,0.00,0,0,0.00,0.00,0,0
1503620071,eth1,0.00,0.00,0.00,0,0,0.00,0.00,0.00,0,0,0.00,0.00,0,0
1503620071,s2,0.00,0.00,0.00,0,0,0.00,0.00,0.00,0,0,0.00,0.00,0,0
1503620071,s1-eth2,152144.00,6230110.00,6382254.00,6230110,152144,2056.00,4115.00,6171.00,4115,2056,0.00,0.00,0,0
1503620071,s1-eth1,6230110.00,152218.00,6382328.00,152218,6230110,4115.00,2057.00,6172.00,2057,4115,0.00,0.00,0,0
1503620071,s3,0.00,0.00,0.00,0,0,0.00,0.00,0.00,0,0,0.00,0.00,0,0
1503620071,s2-eth2,152144.00,6230110.00,6382254.00,6230110,152144,2056.00,4115.00,6171.00,4115,2056,0.00,0.00,0,0
1503620071,s2-eth1,6230110.00,152144.00,6382254.00,152144,6230110,4115.00,2056.00,6171.00,2056,4115,0.00,0.00,0,0
1503620071,lo,0.00,0.00,0.00,0,0,0.00,0.00,0.00,0,0,0.00,0.00,0,0
1503620071,s4,0.00,0.00,0.00,0,0,0.00,0.00,0.00,0,0,0.00,0.00,0,0
1503620071,s3-eth2,152218.00,6228596.00,6380814.00,6228596,152218,2057.00,4114.00,6171.00,4114,2057,0.00,0.00,0,0
1503620071,s3-eth1,6230110.00,152144.00,6382254.00,152144,6230110,4115.00,2056.00,6171.00,2056,4115,0.00,0.00,0,0
1503620071,total,19146836.00,19145322.00,38292160.00,19145322,19146836,18514.00,18513.00,37027.00,18513,18514,0.00,0.00,0,0
1503620072,s5,0.00,0.00,0.00,0,0,0.00,0.00,0.00,0,0,0.00,0.00,0,0
1503620072,s1,0.00,107.00,107.00,107,0,0.00,1.00,1.00,1,0,0.00,0.00,0,0
1503620072,eth0,0.00,0.00,0.00,0,0,0.00,0.00,0.00,0,0,0.00,0.00,0,0
1503620072,eth1,0.00,0.00,0.00,0,0,0.00,0.00,0.00,0,0,0.00,0.00,0,0
1503620072,s2,0.00,0.00,0.00,0,0,0.00,0.00,0.00,0,0,0.00,0.00,0,0
1503620072,s1-eth2,149702.00,6116667.00,6266369.00,6116667,149702,2023.00,4041.00,6064.00,4041,2023,0.00,0.00,0,0
1503620072,s1-eth1,6124237.00,149702.00,6273939.00,149702,6124237,4046.00,2023.00,6069.00,2023,4046,0.00,0.00,0,0
1503620072,s3,0.00,0.00,0.00,0,0,0.00,0.00,0.00,0,0,0.00,0.00,0,0
1503620072,s2-eth2,149702.00,6110504.00,6260206.00,6110504,149702,2023.00,4036.00,6059.00,4036,2023,0.00,0.00,0,0
1503620072,s2-eth1,6116667.00,149702.00,6266369.00,149702,6116667,4041.00,2023.00,6064.00,2023,4041,0.00,0.00,0,0
1503620072,lo,305.00,305.00,610.00,305,305,3.00,3.00,6.00,3,3,0.00,0.00,0,0
1503620072,s4,0.00,0.00,0.00,0,0,0.00,0.00,0.00,0,0,0.00,0.00,0,0
1503620072,s3-eth2,149628.00,6110504.00,6260132.00,6110504,149628,2022.00,4036.00,6058.00,4036,2022,0.00,0.00,0,0
1503620072,s3-eth1,6110504.00,149702.00,6260206.00,149702,6110504,4036.00,2023.00,6059.00,2023,4036,0.00,0.00,0,0
1503620072,total,18800744.00,18787192.00,37587936.00,18787193,18800745,18194.00,18186.00,36380.00,18186,18194,0.00,0.00,0,0
1503620073,s5,0.00,0.00,0.00,0,0,0.00,0.00,0.00,0,0,0.00,0.00,0,0
1503620073,s1,0.00,342.00,342.00,342,0,0.00,1.00,1.00,1,0,0.00,0.00,0,0
1503620073,eth0,0.00,0.00,0.00,0,0,0.00,0.00,0.00,0,0,0.00,0.00,0,0
1503620073,eth1,0.00,0.00,0.00,0,0,0.00,0.00,0.00,0,0,0.00,0.00,0,0
1503620073,s2,0.00,0.00,0.00,0,0,0.00,0.00,0.00,0,0,0.00,0.00,0,0
1503620073,s1-eth2,152662.00,6247106.00,6399768.00,6247106,152662,2063.00,4127.00,6190.00,4127,2063,0.00,0.00,0,0
1503620073,s1-eth1,6248620.00,152662.00,6401282.00,152662,6248620,4128.00,2063.00,6191.00,2063,4128,0.00,0.00,0,0
1503620073,s3,0.00,0.00,0.00,0,0,0.00,0.00,0.00,0,0,0.00,0.00,0,0
1503620073,s2-eth2,152736.00,6248278.00,6401014.00,6248278,152736,2064.00,4127.00,6191.00,4127,2064,0.00,0.00,0,0
1503620073,s2-eth1,6247106.00,152662.00,6399768.00,152662,6247106,4127.00,2063.00,6190.00,2063,4127,0.00,0.00,0,0
1503620073,lo,326.00,326.00,652.00,326,326,3.00,3.00,6.00,3,3,0.00,0.00,0,0
1503620073,s4,0.00,0.00,0.00,0,0,0.00,0.00,0.00,0,0,0.00,0.00,0,0
1503620073,s3-eth2,152736.00,6248278.00,6401014.00,6248278,152736,2064.00,4127.00,6191.00,4127,2064,0.00,0.00,0,0
1503620073,s3-eth1,6248278.00,152736.00,6401014.00,152736,6248278,4127.00,2064.00,6191.00,2064,4127,0.00,0.00,0,0
1503620073,total,19202464.00,19202390.00,38404856.00,19202390,19202464,18576.00,18575.00,37151.00,18575,18576,0.00,0.00,0,0
1503620074,s5,0.00,0.00,0.00,0,0,0.00,0.00,0.00,0,0,0.00,0.00,0,0
1503620074,s1,0.00,0.00,0.00,0,0,0.00,0.00,0.00,0,0,0.00,0.00,0,0
1503620074,eth0,0.00,0.00,0.00,0,0,0.00,0.00,0.00,0,0,0.00,0.00,0,0
1503620074,eth1,0.00,0.00,0.00,0,0,0.00,0.00,0.00,0,0,0.00,0.00,0,0
1503620074,s2,0.00,0.00,0.00,0,0,0.00,0.00,0.00,0,0,0.00,0.00,0,0
1503620074,s1-eth2,151700.00,6207400.00,6359100.00,6207400,151700,2050.00,4100.00,6150.00,4100,2050,0.00,0.00,0,0
1503620074,s1-eth1,6206228.00,151700.00,6357928.00,151700,6206228,4100.00,2050.00,6150.00,2050,4100,0.00,0.00,0,0
1503620074,s3,0.00,0.00,0.00,0,0,0.00,0.00,0.00,0,0,0.00,0.00,0,0
1503620074,s2-eth2,151626.00,6207400.00,6359026.00,6207400,151626,2049.00,4100.00,6149.00,4100,2049,0.00,0.00,0,0
1503620074,s2-eth1,6207400.00,151700.00,6359100.00,151700,6207400,4100.00,2050.00,6150.00,2050,4100,0.00,0.00,0,0
1503620074,lo,688.00,688.00,1376.00,688,688,12.00,12.00,24.00,12,12,0.00,0.00,0,0
1503620074,s4,0.00,0.00,0.00,0,0,0.00,0.00,0.00,0,0,0.00,0.00,0,0
1503620074,s3-eth2,151968.00,6207400.00,6359368.00,6207400,151968,2050.00,4100.00,6150.00,4100,2050,0.00,0.00,0,0
1503620074,s3-eth1,6207400.00,151626.00,6359026.00,151626,6207400,4100.00,2049.00,6149.00,2049,4100,0.00,0.00,0,0
1503620074,total,19077010.00,19077914.00,38154924.00,19077914,19077010,18461.00,18461.00,36922.00,18461,18461,0.00,0.00,0,0
1503620075,s5,0.00,0.00,0.00,0,0,0.00,0.00,0.00,0,0,0.00,0.00,0,0
1503620075,s1,0.00,0.00,0.00,0,0,0.00,0.00,0.00,0,0,0.00,0.00,0,0
1503620075,eth0,0.00,0.00,0.00,0,0,0.00,0.00,0.00,0,0,0.00,0.00,0,0
1503620075,eth1,0.00,0.00,0.00,0,0,0.00,0.00,0.00,0,0,0.00,0.00,0,0
1503620075,s2,0.00,0.00,0.00,0,0,0.00,0.00,0.00,0,0,0.00,0.00,0,0
1503620075,s1-eth2,152366.00,6234652.00,6387018.00,6234652,152366,2059.00,4118.00,6177.00,4118,2059,0.00,0.00,0,0
1503620075,s1-eth1,6234652.00,152292.00,6386944.00,152292,6234652,4118.00,2058.00,6176.00,2058,4118,0.00,0.00,0,0
1503620075,s3,0.00,0.00,0.00,0,0,0.00,0.00,0.00,0,0,0.00,0.00,0,0
1503620075,s2-eth2,152366.00,6234652.00,6387018.00,6234652,152366,2059.00,4118.00,6177.00,4118,2059,0.00,0.00,0,0
1503620075,s2-eth1,6234652.00,152366.00,6387018.00,152366,6234652,4118.00,2059.00,6177.00,2059,4118,0.00,0.00,0,0
1503620075,lo,0.00,0.00,0.00,0,0,0.00,0.00,0.00,0,0,0.00,0.00,0,0
1503620075,s4,0.00,0.00,0.00,0,0,0.00,0.00,0.00,0,0,0.00,0.00,0,0
1503620075,s3-eth2,152366.00,6234652.00,6387018.00,6234652,152366,2059.00,4118.00,6177.00,4118,2059,0.00,0.00,0,0
1503620075,s3-eth1,6234652.00,152366.00,6387018.00,152366,6234652,4118.00,2059.00,6177.00,2059,4118,0.00,0.00,0,0
1503620075,total,19161054.00,19160980.00,38322032.00,19160980,19161054,18531.00,18530.00,37061.00,18530,18531,0.00,0.00,0,0
1503620076,s5,0.00,0.00,0.00,0,0,0.00,0.00,0.00,0,0,0.00,0.00,0,0
1503620076,s1,0.00,342.00,342.00,342,0,0.00,1.00,1.00,1,0,0.00,0.00,0,0
1503620076,eth0,0.00,0.00,0.00,0,0,0.00,0.00,0.00,0,0,0.00,0.00,0,0
1503620076,eth1,0.00,0.00,0.00,0,0,0.00,0.00,0.00,0,0,0.00,0.00,0,0
1503620076,s2,0.00,342.00,342.00,342,0,0.00,1.00,1.00,1,0,0.00,0.00,0,0
1503620076,s1-eth2,150368.00,6153238.00,6303606.00,6153238,150368,2032.00,4065.00,6097.00,4065,2032,0.00,0.00,0,0
1503620076,s1-eth1,6154752.00,150442.00,6305194.00,150442,6154752,4066.00,2033.00,6099.00,2033,4066,0.00,0.00,0,0
1503620076,s3,0.00,0.00,0.00,0,0,0.00,0.00,0.00,0,0,0.00,0.00,0,0
1503620076,s2-eth2,150368.00,6153238.00,6303606.00,6153238,150368,2032.00,4065.00,6097.00,4065,2032,0.00,0.00,0,0
1503620076,s2-eth1,6153238.00,150368.00,6303606.00,150368,6153238,4065.00,2032.00,6097.00,2032,4065,0.00,0.00,0,0
1503620076,lo,652.00,652.00,1304.00,652,652,6.00,6.00,12.00,6,6,0.00,0.00,0,0
1503620076,s4,0.00,0.00,0.00,0,0,0.00,0.00,0.00,0,0,0.00,0.00,0,0
1503620076,s3-eth2,150442.00,6154410.00,6304852.00,6154410,150442,2033.00,4065.00,6098.00,4065,2033,0.00,0.00,0,0
1503620076,s3-eth1,6153238.00,150368.00,6303606.00,150368,6153238,4065.00,2032.00,6097.00,2032,4065,0.00,0.00,0,0
1503620076,total,18913058.00,18913400.00,37826456.00,18913400,18913058,18299.00,18300.00,36599.00,18300,18299,0.00,0.00,0,0
1503620077,s5,0.00,0.00,0.00,0,0,0.00,0.00,0.00,0,0,0.00,0.00,0,0
1503620077,s1,0.00,0.00,0.00,0,0,0.00,0.00,0.00,0,0,0.00,0.00,0,0
1503620077,eth0,0.00,0.00,0.00,0,0,0.00,0.00,0.00,0,0,0.00,0.00,0,0
1503620077,eth1,0.00,0.00,0.00,0,0,0.00,0.00,0.00,0,0,0.00,0.00,0,0
1503620077,s2,0.00,0.00,0.00,0,0,0.00,0.00,0.00,0,0,0.00,0.00,0,0
1503620077,s1-eth2,152366.00,6236166.00,6388532.00,6236166,152366,2059.00,4119.00,6178.00,4119,2059,0.00,0.00,0,0
1503620077,s1-eth1,6234652.00,152366.00,6387018.00,152366,6234652,4118.00,2059.00,6177.00,2059,4118,0.00,0.00,0,0
1503620077,s3,0.00,0.00,0.00,0,0,0.00,0.00,0.00,0,0,0.00,0.00,0,0
1503620077,s2-eth2,152366.00,6236166.00,6388532.00,6236166,152366,2059.00,4119.00,6178.00,4119,2059,0.00,0.00,0,0
1503620077,s2-eth1,6236166.00,152366.00,6388532.00,152366,6236166,4119.00,2059.00,6178.00,2059,4119,0.00,0.00,0,0
1503620077,lo,0.00,0.00,0.00,0,0,0.00,0.00,0.00,0,0,0.00,0.00,0,0
1503620077,s4,0.00,0.00,0.00,0,0,0.00,0.00,0.00,0,0,0.00,0.00,0,0
1503620077,s3-eth2,152366.00,6236166.00,6388532.00,6236166,152366,2059.00,4119.00,6178.00,4119,2059,0.00,0.00,0,0
1503620077,s3-eth1,6236166.00,152366.00,6388532.00,152366,6236166,4119.00,2059.00,6178.00,2059,4119,0.00,0.00,0,0
1503620077,total,19164082.00,19165596.00,38329680.00,19165596,19164082,18533.00,18534.00,37067.00,18534,18533,0.00,0.00,0,0
1503620078,s5,0.00,0.00,0.00,0,0,0.00,0.00,0.00,0,0,0.00,0.00,0,0
1503620078,s1,0.00,0.00,0.00,0,0,0.00,0.00,0.00,0,0,0.00,0.00,0,0
1503620078,eth0,0.00,0.00,0.00,0,0,0.00,0.00,0.00,0,0,0.00,0.00,0,0
1503620078,eth1,0.00,0.00,0.00,0,0,0.00,0.00,0.00,0,0,0.00,0.00,0,0
1503620078,s2,0.00,0.00,0.00,0,0,0.00,0.00,0.00,0,0,0.00,0.00,0,0
1503620078,s1-eth2,145632.00,5960618.00,6106250.00,5960618,145632,1968.00,3937.00,5905.00,3937,1968,0.00,0.00,0,0
1503620078,s1-eth1,5959104.00,145632.00,6104736.00,145632,5959104,3936.00,1968.00,5904.00,1968,3936,0.00,0.00,0,0
1503620078,s3,0.00,0.00,0.00,0,0,0.00,0.00,0.00,0,0,0.00,0.00,0,0
1503620078,s2-eth2,145706.00,5960618.00,6106324.00,5960618,145706,1969.00,3937.00,5906.00,3937,1969,0.00,0.00,0,0
1503620078,s2-eth1,5960618.00,145632.00,6106250.00,145632,5960618,3937.00,1968.00,5905.00,1968,3937,0.00,0.00,0,0
1503620078,lo,0.00,0.00,0.00,0,0,0.00,0.00,0.00,0,0,0.00,0.00,0,0
1503620078,s4,0.00,0.00,0.00,0,0,0.00,0.00,0.00,0,0,0.00,0.00,0,0
1503620078,s3-eth2,145632.00,5959104.00,6104736.00,5959104,145632,1968.00,3936.00,5904.00,3936,1968,0.00,0.00,0,0
1503620078,s3-eth1,5960618.00,145706.00,6106324.00,145706,5960618,3937.00,1969.00,5906.00,1969,3937,0.00,0.00,0,0
1503620078,total,18317310.00,18317310.00,36634620.00,18317310,18317310,17715.00,17715.00,35430.00,17715,17715,0.00,0.00,0,0
1503620079,s5,0.00,0.00,0.00,0,0,0.00,0.00,0.00,0,0,0.00,0.00,0,0
1503620079,s1,0.00,0.00,0.00,0,0,0.00,0.00,0.00,0,0,0.00,0.00,0,0
1503620079,eth0,0.00,0.00,0.00,0,0,0.00,0.00,0.00,0,0,0.00,0.00,0,0
1503620079,eth1,0.00,0.00,0.00,0,0,0.00,0.00,0.00,0,0,0.00,0.00,0,0
1503620079,s2,0.00,0.00,0.00,0,0,0.00,0.00,0.00,0,0,0.00,0.00,0,0
1503620079,s1-eth2,151964.00,6213498.00,6365462.00,6213498,151964,2054.00,4105.00,6159.00,4105,2054,0.00,0.00,0,0
1503620079,s1-eth1,6215012.00,151890.00,6366902.00,151890,6215012,4106.00,2053.00,6159.00,2053,4106,0.00,0.00,0,0
1503620079,s3,0.00,0.00,0.00,0,0,0.00,0.00,0.00,0,0,0.00,0.00,0,0
1503620079,s2-eth2,151890.00,6213498.00,6365388.00,6213498,151890,2053.00,4105.00,6158.00,4105,2053,0.00,0.00,0,0
1503620079,s2-eth1,6213498.00,151964.00,6365462.00,151964,6213498,4105.00,2054.00,6159.00,2054,4105,0.00,0.00,0,0
1503620079,lo,516.00,516.00,1032.00,516,516,9.00,9.00,18.00,9,9,0.00,0.00,0,0
1503620079,s4,0.00,0.00,0.00,0,0,0.00,0.00,0.00,0,0,0.00,0.00,0,0
1503620079,s3-eth2,151890.00,6213498.00,6365388.00,6213498,151890,2053.00,4105.00,6158.00,4105,2053,0.00,0.00,0,0
1503620079,s3-eth1,6213498.00,151890.00,6365388.00,151890,6213498,4105.00,2053.00,6158.00,2053,4105,0.00,0.00,0,0
1503620079,total,19098268.00,19096754.00,38195024.00,19096754,19098268,18485.00,18484.00,36969.00,18484,18485,0.00,0.00,0,0
1503620080,s5,0.00,0.00,0.00,0,0,0.00,0.00,0.00,0,0,0.00,0.00,0,0
1503620080,s1,0.00,0.00,0.00,0,0,0.00,0.00,0.00,0,0,0.00,0.00,0,0
1503620080,eth0,0.00,0.00,0.00,0,0,0.00,0.00,0.00,0,0,0.00,0.00,0,0
1503620080,eth1,0.00,0.00,0.00,0,0,0.00,0.00,0.00,0,0,0.00,0.00,0,0
1503620080,s2,0.00,0.00,0.00,0,0,0.00,0.00,0.00,0,0,0.00,0.00,0,0
1503620080,s1-eth2,152366.00,6234652.00,6387018.00,6234652,152366,2059.00,4118.00,6177.00,4118,2059,0.00,0.00,0,0
1503620080,s1-eth1,6234652.00,152366.00,6387018.00,152366,6234652,4118.00,2059.00,6177.00,2059,4118,0.00,0.00,0,0
1503620080,s3,0.00,0.00,0.00,0,0,0.00,0.00,0.00,0,0,0.00,0.00,0,0
1503620080,s2-eth2,152366.00,6236166.00,6388532.00,6236166,152366,2059.00,4119.00,6178.00,4119,2059,0.00,0.00,0,0
1503620080,s2-eth1,6234652.00,152366.00,6387018.00,152366,6234652,4118.00,2059.00,6177.00,2059,4118,0.00,0.00,0,0
1503620080,lo,344.00,344.00,688.00,344,344,6.00,6.00,12.00,6,6,0.00,0.00,0,0
1503620080,s4,0.00,0.00,0.00,0,0,0.00,0.00,0.00,0,0,0.00,0.00,0,0
1503620080,s3-eth2,152366.00,6236166.00,6388532.00,6236166,152366,2059.00,4119.00,6178.00,4119,2059,0.00,0.00,0,0
1503620080,s3-eth1,6236166.00,152366.00,6388532.00,152366,6236166,4119.00,2059.00,6178.00,2059,4119,0.00,0.00,0,0
1503620080,total,19162912.00,19164426.00,38327336.00,19164426,19162912,18538.00,18539.00,37077.00,18539,18538,0.00,0.00,0,0
1503620081,s5,0.00,0.00,0.00,0,0,0.00,0.00,0.00,0,0,0.00,0.00,0,0
1503620081,s1,0.00,452.00,452.00,452,0,0.00,2.00,2.00,2,0,0.00,0.00,0,0
1503620081,eth0,1520.00,2450.00,3970.00,2450,1520,20.00,20.00,40.00,20,20,0.00,0.00,0,0
1503620081,eth1,0.00,0.00,0.00,0,0,0.00,0.00,0.00,0,0,0.00,0.00,0,0
1503620081,s2,0.00,1014.00,1014.00,1014,0,0.00,5.00,5.00,5,0,0.00,0.00,0,0
1503620081,s1-eth2,126510.00,5154108.00,5280618.00,5154108,126510,1705.00,3406.00,5111.00,3406,1705,0.00,0.00,0,0
1503620081,s1-eth1,5156184.00,126022.00,5282206.00,126022,5156184,3410.00,1703.00,5113.00,1703,3410,0.00,0.00,0,0
1503620081,s3,0.00,750.00,750.00,750,0,0.00,5.00,5.00,5,0,0.00,0.00,0,0
1503620081,s2-eth2,126846.00,5152594.00,5279440.00,5152594,126846,1709.00,3405.00,5114.00,3405,1709,0.00,0.00,0,0
1503620081,s2-eth1,5154108.00,126510.00,5280618.00,126510,5154108,3406.00,1705.00,5111.00,1705,3406,0.00,0.00,0,0
1503620081,lo,7146.00,7146.00,14292.00,7146,7146,76.00,76.00,152.00,76,76,0.00,0.00,0,0
1503620081,s4,0.00,0.00,0.00,0,0,0.00,0.00,0.00,0,0,0.00,0.00,0,0
1503620081,s3-eth2,127704.00,5130946.00,5258650.00,5130946,127704,1716.00,3389.00,5105.00,3389,1716,0.00,0.00,0,0
1503620081,s3-eth1,5152594.00,126846.00,5279440.00,126846,5152594,3405.00,1709.00,5114.00,1709,3405,0.00,0.00,0,0
1503620081,total,15852612.00,15828838.00,31681450.00,15828838,15852612,15447.00,15425.00,30872.00,15425,15447,0.00,0.00,0,0
1503620082,s5,0.00,0.00,0.00,0,0,0.00,0.00,0.00,0,0,0.00,0.00,0,0
1503620082,s1,0.00,188.00,188.00,188,0,0.00,2.00,2.00,2,0,0.00,0.00,0,0
1503620082,eth0,304.00,490.00,794.00,490,304,4.00,4.00,8.00,4,4,0.00,0.00,0,0
1503620082,eth1,0.00,0.00,0.00,0,0,0.00,0.00,0.00,0,0,0.00,0.00,0,0
1503620082,s2,0.00,266.00,266.00,266,0,0.00,3.00,3.00,3,0,0.00,0.00,0,0
1503620082,s1-eth2,145710.00,5954750.00,6100460.00,5954750,145710,1969.00,3935.00,5904.00,3935,1969,0.00,0.00,0,0
1503620082,s1-eth1,5953314.00,145632.00,6098946.00,145632,5953314,3935.00,1968.00,5903.00,1968,3935,0.00,0.00,0,0
1503620082,s3,0.00,545.00,545.00,545,0,0.00,6.00,6.00,6,0,0.00,0.00,0,0
1503620082,s2-eth2,146029.00,5954750.00,6100779.00,5954750,146029,1972.00,3935.00,5907.00,3935,1972,0.00,0.00,0,0
1503620082,s2-eth1,5954750.00,145710.00,6100460.00,145710,5954750,3935.00,1969.00,5904.00,1969,3935,0.00,0.00,0,0
1503620082,lo,3859.00,3859.00,7718.00,3859,3859,41.00,41.00,82.00,41,41,0.00,0.00,0,0
1503620082,s4,0.00,0.00,0.00,0,0,0.00,0.00,0.00,0,0,0.00,0.00,0,0
1503620082,s3-eth2,145778.00,5974244.00,6120022.00,5974244,145778,1969.00,3946.00,5915.00,3946,1969,0.00,0.00,0,0
1503620082,s3-eth1,5954750.00,146029.00,6100779.00,146029,5954750,3935.00,1972.00,5907.00,1972,3935,0.00,0.00,0,0
1503620082,total,18304494.00,18326464.00,36630956.00,18326463,18304494,17760.00,17781.00,35541.00,17781,17760,0.00,0.00,0,0
1503620083,s5,0.00,0.00,0.00,0,0,0.00,0.00,0.00,0,0,0.00,0.00,0,0
1503620083,s1,0.00,1703.00,1703.00,1703,0,0.00,9.00,9.00,9,0,0.00,0.00,0,0
1503620083,eth0,608.00,980.00,1588.00,980,608,8.00,8.00,16.00,8,8,0.00,0.00,0,0
1503620083,eth1,0.00,0.00,0.00,0,0,0.00,0.00,0.00,0,0,0.00,0.00,0,0
1503620083,s2,0.00,3037.00,3037.00,3037,0,0.00,17.00,17.00,17,0,0.00,0.00,0,0
1503620083,s1-eth2,151036.00,6128861.00,6279897.00,6128861,151036,2031.00,4056.00,6087.00,4056,2031,0.00,0.00,0,0
1503620083,s1-eth1,6130537.00,149702.00,6280239.00,149702,6130537,4065.00,2023.00,6088.00,2023,4065,0.00,0.00,0,0
1503620083,s3,0.00,3208.00,3208.00,3208,0,0.00,16.00,16.00,16,0,0.00,0.00,0,0
1503620083,s2-eth2,152984.00,6128861.00,6281845.00,6128861,152984,2040.00,4056.00,6096.00,4056,2040,0.00,0.00,0,0
1503620083,s2-eth1,6128861.00,151036.00,6279897.00,151036,6128861,4056.00,2031.00,6087.00,2031,4056,0.00,0.00,0,0
1503620083,lo,13987.00,13987.00,27974.00,13987,13987,137.00,137.00,274.00,137,137,0.00,0.00,0,0
1503620083,s4,0.00,0.00,0.00,0,0,0.00,0.00,0.00,0,0,0.00,0.00,0,0
1503620083,s3-eth2,154703.00,6133214.00,6287917.00,6133214,154703,2049.00,4051.00,6100.00,4051,2049,0.00,0.00,0,0
1503620083,s3-eth1,6128861.00,152984.00,6281845.00,152984,6128861,4056.00,2040.00,6096.00,2040,4056,0.00,0.00,0,0
1503620083,total,18861576.00,18867572.00,37729152.00,18867573,18861577,18442.00,18444.00,36886.00,18444,18442,0.00,0.00,0,0
1503620084,s5,0.00,0.00,0.00,0,0,0.00,0.00,0.00,0,0,0.00,0.00,0,0
1503620084,s1,0.00,1141.00,1141.00,1141,0,0.00,5.00,5.00,5,0,0.00,0.00,0,0
1503620084,eth0,152.00,245.00,397.00,245,152,2.00,2.00,4.00,2,2,0.00,0.00,0,0
1503620084,eth1,0.00,0.00,0.00,0,0,0.00,0.00,0.00,0,0,0.00,0.00,0,0
1503620084,s2,0.00,2309.00,2309.00,2309,0,0.00,10.00,10.00,10,0,0.00,0.00,0,0
1503620084,s1-eth2,148872.00,6051085.00,6199957.00,6051085,148872,2001.00,4001.00,6002.00,4001,2001,0.00,0.00,0,0
1503620084,s1-eth1,6050739.00,147704.00,6198443.00,147704,6050739,4005.00,1996.00,6001.00,1996,4005,0.00,0.00,0,0
1503620084,s3,0.00,1439.00,1439.00,1439,0,0.00,6.00,6.00,6,0,0.00,0.00,0,0
1503620084,s2-eth2,149143.00,6054113.00,6203256.00,6054113,149143,2002.00,4003.00,6005.00,4003,2002,0.00,0.00,0,0
1503620084,s2-eth1,6051085.00,148872.00,6199957.00,148872,6051085,4001.00,2001.00,6002.00,2001,4001,0.00,0.00,0,0
1503620084,lo,7283.00,7283.00,14566.00,7283,7283,72.00,72.00,144.00,72,72,0.00,0.00,0,0
1503620084,s4,0.00,0.00,0.00,0,0,0.00,0.00,0.00,0,0,0.00,0.00,0,0
1503620084,s3-eth2,149959.00,6054486.00,6204445.00,6054486,149959,2006.00,3999.00,6005.00,3999,2006,0.00,0.00,0,0
1503620084,s3-eth1,6054113.00,149143.00,6203256.00,149143,6054113,4003.00,2002.00,6005.00,2002,4003,0.00,0.00,0,0
1503620084,total,18611346.00,18617820.00,37229168.00,18617820,18611346,18092.00,18097.00,36189.00,18097,18092,0.00,0.00,0,0
1503620085,s5,0.00,0.00,0.00,0,0,0.00,0.00,0.00,0,0,0.00,0.00,0,0
1503620085,s1,0.00,331.00,331.00,331,0,0.00,1.00,1.00,1,0,0.00,0.00,0,0
1503620085,eth0,0.00,0.00,0.00,0,0,0.00,0.00,0.00,0,0,0.00,0.00,0,0
1503620085,eth1,0.00,0.00,0.00,0,0,0.00,0.00,0.00,0,0,0.00,0.00,0,0
1503620085,s2,0.00,1004.00,1004.00,1004,0,0.00,3.00,3.00,3,0,0.00,0.00,0,0
1503620085,s1-eth2,152151.00,6194105.00,6346256.00,6194105,152151,2049.00,4092.00,6141.00,4092,2049,0.00,0.00,0,0
1503620085,s1-eth1,6194436.00,151478.00,6345914.00,151478,6194436,4093.00,2047.00,6140.00,2047,4093,0.00,0.00,0,0
1503620085,s3,0.00,1111.00,1111.00,1111,0,0.00,4.00,4.00,4,0,0.00,0.00,0,0
1503620085,s2-eth2,152515.00,6192591.00,6345106.00,6192591,152515,2050.00,4091.00,6141.00,4091,2050,0.00,0.00,0,0
1503620085,s2-eth1,6194105.00,152151.00,6346256.00,152151,6194105,4092.00,2049.00,6141.00,2049,4092,0.00,0.00,0,0
1503620085,lo,2587.00,2587.00,5174.00,2587,2587,24.00,24.00,48.00,24,24,0.00,0.00,0,0
1503620085,s4,0.00,0.00,0.00,0,0,0.00,0.00,0.00,0,0,0.00,0.00,0,0
1503620085,s3-eth2,153155.00,6192260.00,6345415.00,6192260,153155,2052.00,4090.00,6142.00,4090,2052,0.00,0.00,0,0
1503620085,s3-eth1,6192591.00,152515.00,6345106.00,152515,6192591,4091.00,2050.00,6141.00,2050,4091,0.00,0.00,0,0
1503620085,total,19041540.00,19040132.00,38081672.00,19040133,19041540,18451.00,18451.00,36902.00,18451,18451,0.00,0.00,0,0
1503620086,s5,0.00,0.00,0.00,0,0,0.00,0.00,0.00,0,0,0.00,0.00,0,0
1503620086,s1,0.00,378.00,378.00,378,0,0.00,2.00,2.00,2,0,0.00,0.00,0,0
1503620086,eth0,60.00,60.00,120.00,60,60,1.00,1.00,2.00,1,1,0.00,0.00,0,0
1503620086,eth1,0.00,0.00,0.00,0,0,0.00,0.00,0.00,0,0,0.00,0.00,0,0
1503620086,s2,0.00,485.00,485.00,485,0,0.00,3.00,3.00,3,0,0.00,0.00,0,0
1503620086,s1-eth2,151585.00,6200208.00,6351793.00,6200208,151585,2048.00,4097.00,6145.00,4097,2048,0.00,0.00,0,0
1503620086,s1-eth1,6201829.00,151478.00,6353307.00,151478,6201829,4099.00,2047.00,6146.00,2047,4099,0.00,0.00,0,0
1503620086,s3,0.00,448.00,448.00,448,0,0.00,3.00,3.00,3,0,0.00,0.00,0,0
1503620086,s2-eth2,151926.00,6200208.00,6352134.00,6200208,151926,2050.00,4097.00,6147.00,4097,2050,0.00,0.00,0,0
1503620086,s2-eth1,6200208.00,151585.00,6351793.00,151585,6200208,4097.00,2048.00,6145.00,2048,4097,0.00,0.00,0,0
1503620086,lo,2466.00,2466.00,4932.00,2466,2466,24.00,24.00,48.00,24,24,0.00,0.00,0,0
1503620086,s4,0.00,0.00,0.00,0,0,0.00,0.00,0.00,0,0,0.00,0.00,0,0
1503620086,s3-eth2,152337.00,6201344.00,6353681.00,6201344,152337,2052.00,4096.00,6148.00,4096,2052,0.00,0.00,0,0
1503620086,s3-eth1,6200208.00,151926.00,6352134.00,151926,6200208,4097.00,2050.00,6147.00,2050,4097,0.00,0.00,0,0
1503620086,total,19060620.00,19060586.00,38121204.00,19060586,19060619,18468.00,18468.00,36936.00,18468,18468,0.00,0.00,0,0
1503620087,s5,0.00,0.00,0.00,0,0,0.00,0.00,0.00,0,0,0.00,0.00,0,0
1503620087,s1,0.00,401.00,401.00,401,0,0.00,2.00,2.00,2,0,0.00,0.00,0,0
1503620087,eth0,0.00,0.00,0.00,0,0,0.00,0.00,0.00,0,0,0.00,0.00,0,0
1503620087,eth1,0.00,0.00,0.00,0,0,0.00,0.00,0.00,0,0,0.00,0.00,0,0
1503620087,s2,0.00,1073.00,1073.00,1073,0,0.00,5.00,5.00,5,0,0.00,0.00,0,0
1503620087,s1-eth2,152002.00,6194175.00,6346177.00,6194175,152002,2048.00,4093.00,6141.00,4093,2048,0.00,0.00,0,0
1503620087,s1-eth1,6193333.00,151182.00,6344515.00,151182,6193333,4095.00,2043.00,6138.00,2043,4095,0.00,0.00,0,0
1503620087,s3,0.00,1003.00,1003.00,1003,0,0.00,4.00,4.00,4,0,0.00,0.00,0,0
1503620087,s2-eth2,152333.00,6192661.00,6344994.00,6192661,152333,2049.00,4092.00,6141.00,4092,2049,0.00,0.00,0,0
1503620087,s2-eth1,6194175.00,152002.00,6346177.00,152002,6194175,4093.00,2048.00,6141.00,2048,4093,0.00,0.00,0,0
1503620087,lo,3354.00,3354.00,6708.00,3354,3354,33.00,33.00,66.00,33,33,0.00,0.00,0,0
1503620087,s4,0.00,0.00,0.00,0,0,0.00,0.00,0.00,0,0,0.00,0.00,0,0
1503620087,s3-eth2,152808.00,6193774.00,6346582.00,6193774,152808,2052.00,4091.00,6143.00,4091,2052,0.00,0.00,0,0
1503620087,s3-eth1,6192661.00,152333.00,6344994.00,152333,6192661,4092.00,2049.00,6141.00,2049,4092,0.00,0.00,0,0
1503620087,total,19040666.00,19041958.00,38082624.00,19041958,19040666,18462.00,18460.00,36922.00,18460,18462,0.00,0.00,0,0
1503620088,s5,0.00,0.00,0.00,0,0,0.00,0.00,0.00,0,0,0.00,0.00,0,0
1503620088,s1,0.00,449.00,449.00,449,0,0.00,2.00,2.00,2,0,0.00,0.00,0,0
1503620088,eth0,0.00,0.00,0.00,0,0,0.00,0.00,0.00,0,0,0.00,0.00,0,0
1503620088,eth1,0.00,0.00,0.00,0,0,0.00,0.00,0.00,0,0,0.00,0.00,0,0
1503620088,s2,0.00,342.00,342.00,342,0,0.00,1.00,1.00,1,0,0.00,0.00,0,0
1503620088,s1-eth2,152486.00,6222989.00,6375475.00,6222989,152486,2057.00,4112.00,6169.00,4112,2057,0.00,0.00,0,0
1503620088,s1-eth1,6226017.00,152218.00,6378235.00,152218,6226017,4114.00,2057.00,6171.00,2057,4114,0.00,0.00,0,0
1503620088,s3,0.00,342.00,342.00,342,0,0.00,1.00,1.00,1,0,0.00,0.00,0,0
1503620088,s2-eth2,152486.00,6222540.00,6375026.00,6222540,152486,2057.00,4110.00,6167.00,4110,2057,0.00,0.00,0,0
1503620088,s2-eth1,6222989.00,152486.00,6375475.00,152486,6222989,4112.00,2057.00,6169.00,2057,4112,0.00,0.00,0,0
1503620088,lo,1283.00,1283.00,2566.00,1283,1283,12.00,12.00,24.00,12,12,0.00,0.00,0,0
1503620088,s4,0.00,0.00,0.00,0,0,0.00,0.00,0.00,0,0,0.00,0.00,0,0
1503620088,s3-eth2,152486.00,6222540.00,6375026.00,6222540,152486,2057.00,4110.00,6167.00,4110,2057,0.00,0.00,0,0
1503620088,s3-eth1,6222540.00,152486.00,6375026.00,152486,6222540,4110.00,2057.00,6167.00,2057,4110,0.00,0.00,0,0
1503620088,total,19130288.00,19127676.00,38257960.00,19127675,19130287,18519.00,18519.00,37038.00,18519,18519,0.00,0.00,0,0
1503620089,s5,0.00,0.00,0.00,0,0,0.00,0.00,0.00,0,0,0.00,0.00,0,0
1503620089,s1,0.00,0.00,0.00,0,0,0.00,0.00,0.00,0,0,0.00,0.00,0,0
1503620089,eth0,0.00,0.00,0.00,0,0,0.00,0.00,0.00,0,0,0.00,0.00,0,0
1503620089,eth1,0.00,0.00,0.00,0,0,0.00,0.00,0.00,0,0,0.00,0.00,0,0
1503620089,s2,0.00,0.00,0.00,0,0,0.00,0.00,0.00,0,0,0.00,0.00,0,0
1503620089,s1-eth2,152070.00,6221026.00,6373096.00,6221026,152070,2055.00,4109.00,6164.00,4109,2055,0.00,0.00,0,0
1503620089,s1-eth1,6219512.00,152144.00,6371656.00,152144,6219512,4108.00,2056.00,6164.00,2056,4108,0.00,0.00,0,0
1503620089,s3,0.00,107.00,107.00,107,0,0.00,1.00,1.00,1,0,0.00,0.00,0,0
1503620089,s2-eth2,152177.00,6221026.00,6373203.00,6221026,152177,2056.00,4109.00,6165.00,4109,2056,0.00,0.00,0,0
1503620089,s2-eth1,6221026.00,152070.00,6373096.00,152070,6221026,4109.00,2055.00,6164.00,2055,4109,0.00,0.00,0,0
1503620089,lo,649.00,649.00,1298.00,649,649,9.00,9.00,18.00,9,9,0.00,0.00,0,0
1503620089,s4,0.00,0.00,0.00,0,0,0.00,0.00,0.00,0,0,0.00,0.00,0,0
1503620089,s3-eth2,152070.00,6221026.00,6373096.00,6221026,152070,2055.00,4109.00,6164.00,4109,2055,0.00,0.00,0,0
1503620089,s3-eth1,6221026.00,152177.00,6373203.00,152177,6221026,4109.00,2056.00,6165.00,2056,4109,0.00,0.00,0,0
1503620089,total,19118530.00,19120224.00,38238756.00,19120225,19118530,18501.00,18504.00,37005.00,18504,18501,0.00,0.00,0,0
1503620090,s5,0.00,0.00,0.00,0,0,0.00,0.00,0.00,0,0,0.00,0.00,0,0
1503620090,s1,0.00,107.00,107.00,107,0,0.00,1.00,1.00,1,0,0.00,0.00,0,0
1503620090,eth0,0.00,0.00,0.00,0,0,0.00,0.00,0.00,0,0,0.00,0.00,0,0
1503620090,eth1,0.00,0.00,0.00,0,0,0.00,0.00,0.00,0,0,0.00,0.00,0,0
1503620090,s2,0.00,214.00,214.00,214,0,0.00,2.00,2.00,2,0,0.00,0.00,0,0
1503620090,s1-eth2,149883.00,6133321.00,6283204.00,6133321,149883,2025.00,4052.00,6077.00,4052,2025,0.00,0.00,0,0
1503620090,s1-eth1,6133428.00,149776.00,6283204.00,149776,6133428,4053.00,2024.00,6077.00,2024,4053,0.00,0.00,0,0
1503620090,s3,0.00,177.00,177.00,177,0,0.00,2.00,2.00,2,0,0.00,0.00,0,0
1503620090,s2-eth2,149953.00,6133321.00,6283274.00,6133321,149953,2026.00,4052.00,6078.00,4052,2026,0.00,0.00,0,0
1503620090,s2-eth1,6133321.00,149883.00,6283204.00,149883,6133321,4052.00,2025.00,6077.00,2025,4052,0.00,0.00,0,0
1503620090,lo,1488.00,1488.00,2976.00,1488,1488,15.00,15.00,30.00,15,15,0.00,0.00,0,0
1503620090,s4,0.00,0.00,0.00,0,0,0.00,0.00,0.00,0,0,0.00,0.00,0,0
1503620090,s3-eth2,150509.00,6134728.00,6285237.00,6134728,150509,2029.00,4052.00,6081.00,4052,2029,0.00,0.00,0,0
1503620090,s3-eth1,6133321.00,149953.00,6283274.00,149953,6133321,4052.00,2026.00,6078.00,2026,4052,0.00,0.00,0,0
1503620090,total,18851904.00,18852968.00,37704872.00,18852968,18851903,18252.00,18251.00,36503.00,18251,18252,0.00,0.00,0,0
1503620091,s5,0.00,0.00,0.00,0,0,0.00,0.00,0.00,0,0,0.00,0.00,0,0
1503620091,s1,0.00,70.00,70.00,70,0,0.00,1.00,1.00,1,0,0.00,0.00,0,0
1503620091,eth0,0.00,0.00,0.00,0,0,0.00,0.00,0.00,0,0,0.00,0.00,0,0
1503620091,eth1,0.00,0.00,0.00,0,0,0.00,0.00,0.00,0,0,0.00,0.00,0,0
1503620091,s2,0.00,140.00,140.00,140,0,0.00,2.00,2.00,2,0,0.00,0.00,0,0
1503620091,s1-eth2,152436.00,6233208.00,6385644.00,6233208,152436,2060.00,4118.00,6178.00,4118,2060,0.00,0.00,0,0
1503620091,s1-eth1,6233620.00,152292.00,6385912.00,152292,6233620,4120.00,2058.00,6178.00,2058,4120,0.00,0.00,0,0
1503620091,s3,0.00,70.00,70.00,70,0,0.00,1.00,1.00,1,0,0.00,0.00,0,0
1503620091,s2-eth2,152436.00,6233208.00,6385644.00,6233208,152436,2060.00,4118.00,6178.00,4118,2060,0.00,0.00,0,0
1503620091,s2-eth1,6233208.00,152436.00,6385644.00,152436,6233208,4118.00,2060.00,6178.00,2060,4118,0.00,0.00,0,0
1503620091,lo,1072.00,1072.00,2144.00,1072,1072,12.00,12.00,24.00,12,12,0.00,0.00,0,0
1503620091,s4,0.00,0.00,0.00,0,0,0.00,0.00,0.00,0,0,0.00,0.00,0,0
1503620091,s3-eth2,152432.00,6233138.00,6385570.00,6233138,152432,2060.00,4117.00,6177.00,4117,2060,0.00,0.00,0,0
1503620091,s3-eth1,6233208.00,152436.00,6385644.00,152436,6233208,4118.00,2060.00,6178.00,2060,4118,0.00,0.00,0,0
1503620091,total,19158412.00,19158070.00,38316480.00,19158070,19158412,18548.00,18547.00,37095.00,18547,18548,0.00,0.00,0,0
1503620092,s5,0.00,0.00,0.00,0,0,0.00,0.00,0.00,0,0,0.00,0.00,0,0
1503620092,s1,0.00,342.00,342.00,342,0,0.00,1.00,1.00,1,0,0.00,0.00,0,0
1503620092,eth0,0.00,0.00,0.00,0,0,0.00,0.00,0.00,0,0,0.00,0.00,0,0
1503620092,eth1,0.00,0.00,0.00,0,0,0.00,0.00,0.00,0,0,0.00,0.00,0,0
1503620092,s2,0.00,342.00,342.00,342,0,0.00,1.00,1.00,1,0,0.00,0.00,0,0
1503620092,s1-eth2,151626.00,6206228.00,6357854.00,6206228,151626,2049.00,4100.00,6149.00,4100,2049,0.00,0.00,0,0
1503620092,s1-eth1,6206228.00,151700.00,6357928.00,151700,6206228,4100.00,2050.00,6150.00,2050,4100,0.00,0.00,0,0
1503620092,s3,0.00,0.00,0.00,0,0,0.00,0.00,0.00,0,0,0.00,0.00,0,0
1503620092,s2-eth2,151626.00,6206228.00,6357854.00,6206228,151626,2049.00,4100.00,6149.00,4100,2049,0.00,0.00,0,0
1503620092,s2-eth1,6206228.00,151626.00,6357854.00,151626,6206228,4100.00,2049.00,6149.00,2049,4100,0.00,0.00,0,0
1503620092,lo,652.00,652.00,1304.00,652,652,6.00,6.00,12.00,6,6,0.00,0.00,0,0
1503620092,s4,0.00,0.00,0.00,0,0,0.00,0.00,0.00,0,0,0.00,0.00,0,0
1503620092,s3-eth2,151700.00,6207400.00,6359100.00,6207400,151700,2050.00,4100.00,6150.00,4100,2050,0.00,0.00,0,0
1503620092,s3-eth1,6206228.00,151626.00,6357854.00,151626,6206228,4100.00,2049.00,6149.00,2049,4100,0.00,0.00,0,0
1503620092,total,19074288.00,19076144.00,38150432.00,19076144,19074288,18454.00,18456.00,36910.00,18456,18454,0.00,0.00,0,0
1503620093,s5,0.00,0.00,0.00,0,0,0.00,0.00,0.00,0,0,0.00,0.00,0,0
1503620093,s1,0.00,0.00,0.00,0,0,0.00,0.00,0.00,0,0,0.00,0.00,0,0
1503620093,eth0,0.00,0.00,0.00,0,0,0.00,0.00,0.00,0,0,0.00,0.00,0,0
1503620093,eth1,0.00,0.00,0.00,0,0,0.00,0.00,0.00,0,0,0.00,0.00,0,0
1503620093,s2,0.00,342.00,342.00,342,0,0.00,1.00,1.00,1,0,0.00,0.00,0,0
1503620093,s1-eth2,148786.00,6072654.00,6221440.00,6072654,148786,2007.00,4011.00,6018.00,4011,2007,0.00,0.00,0,0
1503620093,s1-eth1,6074168.00,148444.00,6222612.00,148444,6074168,4012.00,2006.00,6018.00,2006,4012,0.00,0.00,0,0
1503620093,s3,0.00,342.00,342.00,342,0,0.00,1.00,1.00,1,0,0.00,0.00,0,0
1503620093,s2-eth2,148860.00,6072654.00,6221514.00,6072654,148860,2008.00,4011.00,6019.00,4011,2008,0.00,0.00,0,0
1503620093,s2-eth1,6072654.00,148786.00,6221440.00,148786,6072654,4011.00,2007.00,6018.00,2007,4011,0.00,0.00,0,0
1503620093,lo,652.00,652.00,1304.00,652,652,6.00,6.00,12.00,6,6,0.00,0.00,0,0
1503620093,s4,0.00,0.00,0.00,0,0,0.00,0.00,0.00,0,0,0.00,0.00,0,0
1503620093,s3-eth2,148786.00,6060542.00,6209328.00,6060542,148786,2007.00,4003.00,6010.00,4003,2007,0.00,0.00,0,0
1503620093,s3-eth1,6072654.00,148860.00,6221514.00,148860,6072654,4011.00,2008.00,6019.00,2008,4011,0.00,0.00,0,0
1503620093,total,18666560.00,18653276.00,37319836.00,18653276,18666560,18062.00,18054.00,36116.00,18054,18062,0.00,0.00,0,0
1503620094,s5,0.00,0.00,0.00,0,0,0.00,0.00,0.00,0,0,0.00,0.00,0,0
1503620094,s1,0.00,0.00,0.00,0,0,0.00,0.00,0.00,0,0,0.00,0.00,0,0
1503620094,eth0,0.00,0.00,0.00,0,0,0.00,0.00,0.00,0,0,0.00,0.00,0,0
1503620094,eth1,0.00,0.00,0.00,0,0,0.00,0.00,0.00,0,0,0.00,0.00,0,0
1503620094,s2,0.00,0.00,0.00,0,0,0.00,0.00,0.00,0,0,0.00,0.00,0,0
1503620094,s1-eth2,54846.00,2050062.00,2104908.00,2050062,54846,741.00,1357.00,2098.00,1357,741,0.00,0.00,0,0
1503620094,s1-eth1,2112136.00,53292.00,2165428.00,53292,2112136,1398.00,720.00,2118.00,720,1398,0.00,0.00,0,0
1503620094,s3,0.00,0.00,0.00,0,0,0.00,0.00,0.00,0,0,0.00,0.00,0,0
1503620094,s2-eth2,56326.00,1986474.00,2042800.00,1986474,56326,761.00,1315.00,2076.00,1315,761,0.00,0.00,0,0
1503620094,s2-eth1,2050062.00,54846.00,2104908.00,54846,2050062,1357.00,741.00,2098.00,741,1357,0.00,0.00,0,0
1503620094,lo,344.00,344.00,688.00,344,344,6.00,6.00,12.00,6,6,0.00,0.00,0,0
1503620094,s4,0.00,0.00,0.00,0,0,0.00,0.00,0.00,0,0,0.00,0.00,0,0
1503620094,s3-eth2,57880.00,1922886.00,1980766.00,1922886,57880,782.00,1273.00,2055.00,1273,782,0.00,0.00,0,0
1503620094,s3-eth1,1986474.00,56326.00,2042800.00,56326,1986474,1315.00,761.00,2076.00,761,1315,0.00,0.00,0,0
1503620094,total,6318068.00,6124230.00,12442298.00,6124230,6318068,6360.00,6173.00,12533.00,6173,6360,0.00,0.00,0,0
1503620095,s5,0.00,0.00,0.00,0,0,0.00,0.00,0.00,0,0,0.00,0.00,0,0
1503620095,s1,0.00,0.00,0.00,0,0,0.00,0.00,0.00,0,0,0.00,0.00,0,0
1503620095,eth0,0.00,0.00,0.00,0,0,0.00,0.00,0.00,0,0,0.00,0.00,0,0
1503620095,eth1,0.00,0.00,0.00,0,0,0.00,0.00,0.00,0,0,0.00,0.00,0,0
1503620095,s2,0.00,0.00,0.00,0,0,0.00,0.00,0.00,0,0,0.00,0.00,0,0
1503620095,s1-eth2,0.00,0.00,0.00,0,0,0.00,0.00,0.00,0,0,0.00,0.00,0,0
1503620095,s1-eth1,0.00,0.00,0.00,0,0,0.00,0.00,0.00,0,0,0.00,0.00,0,0
1503620095,s3,0.00,0.00,0.00,0,0,0.00,0.00,0.00,0,0,0.00,0.00,0,0
1503620095,s2-eth2,0.00,0.00,0.00,0,0,0.00,0.00,0.00,0,0,0.00,0.00,0,0
1503620095,s2-eth1,0.00,0.00,0.00,0,0,0.00,0.00,0.00,0,0,0.00,0.00,0,0
1503620095,lo,0.00,0.00,0.00,0,0,0.00,0.00,0.00,0,0,0.00,0.00,0,0
1503620095,s4,0.00,0.00,0.00,0,0,0.00,0.00,0.00,0,0,0.00,0.00,0,0
1503620095,s3-eth2,0.00,0.00,0.00,0,0,0.00,0.00,0.00,0,0,0.00,0.00,0,0
1503620095,s3-eth1,0.00,0.00,0.00,0,0,0.00,0.00,0.00,0,0,0.00,0.00,0,0
1503620095,total,0.00,0.00,0.00,0,0,0.00,0.00,0.00,0,0,0.00,0.00,0,0
1503620096,s5,0.00,0.00,0.00,0,0,0.00,0.00,0.00,0,0,0.00,0.00,0,0
1503620096,s1,0.00,0.00,0.00,0,0,0.00,0.00,0.00,0,0,0.00,0.00,0,0
1503620096,eth0,0.00,0.00,0.00,0,0,0.00,0.00,0.00,0,0,0.00,0.00,0,0
1503620096,eth1,0.00,0.00,0.00,0,0,0.00,0.00,0.00,0,0,0.00,0.00,0,0
1503620096,s2,0.00,0.00,0.00,0,0,0.00,0.00,0.00,0,0,0.00,0.00,0,0
1503620096,s1-eth2,0.00,0.00,0.00,0,0,0.00,0.00,0.00,0,0,0.00,0.00,0,0
1503620096,s1-eth1,0.00,0.00,0.00,0,0,0.00,0.00,0.00,0,0,0.00,0.00,0,0
1503620096,s3,0.00,0.00,0.00,0,0,0.00,0.00,0.00,0,0,0.00,0.00,0,0
1503620096,s2-eth2,0.00,0.00,0.00,0,0,0.00,0.00,0.00,0,0,0.00,0.00,0,0
1503620096,s2-eth1,0.00,0.00,0.00,0,0,0.00,0.00,0.00,0,0,0.00,0.00,0,0
1503620096,lo,172.00,172.00,344.00,172,172,3.00,3.00,6.00,3,3,0.00,0.00,0,0
1503620096,s4,0.00,0.00,0.00,0,0,0.00,0.00,0.00,0,0,0.00,0.00,0,0
1503620096,s3-eth2,0.00,0.00,0.00,0,0,0.00,0.00,0.00,0,0,0.00,0.00,0,0
1503620096,s3-eth1,0.00,0.00,0.00,0,0,0.00,0.00,0.00,0,0,0.00,0.00,0,0
1503620096,total,172.00,172.00,344.00,172,172,3.00,3.00,6.00,3,3,0.00,0.00,0,0
1503620097,s5,0.00,0.00,0.00,0,0,0.00,0.00,0.00,0,0,0.00,0.00,0,0
1503620097,s1,0.00,0.00,0.00,0,0,0.00,0.00,0.00,0,0,0.00,0.00,0,0
1503620097,eth0,0.00,0.00,0.00,0,0,0.00,0.00,0.00,0,0,0.00,0.00,0,0
1503620097,eth1,0.00,0.00,0.00,0,0,0.00,0.00,0.00,0,0,0.00,0.00,0,0
1503620097,s2,0.00,0.00,0.00,0,0,0.00,0.00,0.00,0,0,0.00,0.00,0,0
1503620097,s1-eth2,0.00,0.00,0.00,0,0,0.00,0.00,0.00,0,0,0.00,0.00,0,0
1503620097,s1-eth1,0.00,0.00,0.00,0,0,0.00,0.00,0.00,0,0,0.00,0.00,0,0
1503620097,s3,0.00,0.00,0.00,0,0,0.00,0.00,0.00,0,0,0.00,0.00,0,0
1503620097,s2-eth2,0.00,0.00,0.00,0,0,0.00,0.00,0.00,0,0,0.00,0.00,0,0
1503620097,s2-eth1,0.00,0.00,0.00,0,0,0.00,0.00,0.00,0,0,0.00,0.00,0,0
1503620097,lo,0.00,0.00,0.00,0,0,0.00,0.00,0.00,0,0,0.00,0.00,0,0
1503620097,s4,0.00,0.00,0.00,0,0,0.00,0.00,0.00,0,0,0.00,0.00,0,0
1503620097,s3-eth2,0.00,0.00,0.00,0,0,0.00,0.00,0.00,0,0,0.00,0.00,0,0
1503620097,s3-eth1,0.00,0.00,0.00,0,0,0.00,0.00,0.00,0,0,0.00,0.00,0,0
1503620097,total,0.00,0.00,0.00,0,0,0.00,0.00,0.00,0,0,0.00,0.00,0,0
1503620098,s5,0.00,0.00,0.00,0,0,0.00,0.00,0.00,0,0,0.00,0.00,0,0
1503620098,s1,0.00,107.00,107.00,107,0,0.00,1.00,1.00,1,0,0.00,0.00,0,0
1503620098,eth0,0.00,0.00,0.00,0,0,0.00,0.00,0.00,0,0,0.00,0.00,0,0
1503620098,eth1,0.00,0.00,0.00,0,0,0.00,0.00,0.00,0,0,0.00,0.00,0,0
1503620098,s2,0.00,214.00,214.00,214,0,0.00,2.00,2.00,2,0,0.00,0.00,0,0
1503620098,s1-eth2,107.00,107.00,214.00,107,107,1.00,1.00,2.00,1,1,0.00,0.00,0,0
1503620098,s1-eth1,214.00,0.00,214.00,0,214,2.00,0.00,2.00,0,2,0.00,0.00,0,0
1503620098,s3,0.00,214.00,214.00,214,0,0.00,2.00,2.00,2,0,0.00,0.00,0,0
1503620098,s2-eth2,214.00,107.00,321.00,107,214,2.00,1.00,3.00,1,2,0.00,0.00,0,0
1503620098,s2-eth1,107.00,107.00,214.00,107,107,1.00,1.00,2.00,1,1,0.00,0.00,0,0
1503620098,lo,1525.00,1525.00,3050.00,1525,1525,15.00,15.00,30.00,15,15,0.00,0.00,0,0
1503620098,s4,0.00,0.00,0.00,0,0,0.00,0.00,0.00,0,0,0.00,0.00,0,0
1503620098,s3-eth2,321.00,0.00,321.00,0,321,3.00,0.00,3.00,0,3,0.00,0.00,0,0
1503620098,s3-eth1,107.00,214.00,321.00,214,107,1.00,2.00,3.00,2,1,0.00,0.00,0,0
1503620098,total,2595.00,2595.00,5190.00,2595,2595,25.00,25.00,50.00,25,25,0.00,0.00,0,0
1503620099,s5,0.00,0.00,0.00,0,0,0.00,0.00,0.00,0,0,0.00,0.00,0,0
1503620099,s1,0.00,0.00,0.00,0,0,0.00,0.00,0.00,0,0,0.00,0.00,0,0
1503620099,eth0,0.00,0.00,0.00,0,0,0.00,0.00,0.00,0,0,0.00,0.00,0,0
1503620099,eth1,0.00,0.00,0.00,0,0,0.00,0.00,0.00,0,0,0.00,0.00,0,0
1503620099,s2,0.00,0.00,0.00,0,0,0.00,0.00,0.00,0,0,0.00,0.00,0,0
1503620099,s1-eth2,0.00,0.00,0.00,0,0,0.00,0.00,0.00,0,0,0.00,0.00,0,0
1503620099,s1-eth1,0.00,0.00,0.00,0,0,0.00,0.00,0.00,0,0,0.00,0.00,0,0
1503620099,s3,0.00,0.00,0.00,0,0,0.00,0.00,0.00,0,0,0.00,0.00,0,0
1503620099,s2-eth2,0.00,0.00,0.00,0,0,0.00,0.00,0.00,0,0,0.00,0.00,0,0
1503620099,s2-eth1,0.00,0.00,0.00,0,0,0.00,0.00,0.00,0,0,0.00,0.00,0,0
1503620099,lo,344.00,344.00,688.00,344,344,6.00,6.00,12.00,6,6,0.00,0.00,0,0
1503620099,s4,0.00,0.00,0.00,0,0,0.00,0.00,0.00,0,0,0.00,0.00,0,0
1503620099,s3-eth2,0.00,0.00,0.00,0,0,0.00,0.00,0.00,0,0,0.00,0.00,0,0
1503620099,s3-eth1,0.00,0.00,0.00,0,0,0.00,0.00,0.00,0,0,0.00,0.00,0,0
1503620099,total,344.00,344.00,688.00,344,344,6.00,6.00,12.00,6,6,0.00,0.00,0,0
1503620100,s5,0.00,0.00,0.00,0,0,0.00,0.00,0.00,0,0,0.00,0.00,0,0
1503620100,s1,0.00,0.00,0.00,0,0,0.00,0.00,0.00,0,0,0.00,0.00,0,0
1503620100,eth0,0.00,0.00,0.00,0,0,0.00,0.00,0.00,0,0,0.00,0.00,0,0
1503620100,eth1,0.00,0.00,0.00,0,0,0.00,0.00,0.00,0,0,0.00,0.00,0,0
1503620100,s2,0.00,0.00,0.00,0,0,0.00,0.00,0.00,0,0,0.00,0.00,0,0
1503620100,s1-eth2,0.00,0.00,0.00,0,0,0.00,0.00,0.00,0,0,0.00,0.00,0,0
1503620100,s1-eth1,0.00,0.00,0.00,0,0,0.00,0.00,0.00,0,0,0.00,0.00,0,0
1503620100,s3,0.00,0.00,0.00,0,0,0.00,0.00,0.00,0,0,0.00,0.00,0,0
1503620100,s2-eth2,0.00,0.00,0.00,0,0,0.00,0.00,0.00,0,0,0.00,0.00,0,0
1503620100,s2-eth1,0.00,0.00,0.00,0,0,0.00,0.00,0.00,0,0,0.00,0.00,0,0
1503620100,lo,0.00,0.00,0.00,0,0,0.00,0.00,0.00,0,0,0.00,0.00,0,0
1503620100,s4,0.00,0.00,0.00,0,0,0.00,0.00,0.00,0,0,0.00,0.00,0,0
1503620100,s3-eth2,0.00,0.00,0.00,0,0,0.00,0.00,0.00,0,0,0.00,0.00,0,0
1503620100,s3-eth1,0.00,0.00,0.00,0,0,0.00,0.00,0.00,0,0,0.00,0.00,0,0
1503620100,total,0.00,0.00,0.00,0,0,0.00,0.00,0.00,0,0,0.00,0.00,0,0
1503620101,s5,0.00,0.00,0.00,0,0,0.00,0.00,0.00,0,0,0.00,0.00,0,0
1503620101,s1,0.00,0.00,0.00,0,0,0.00,0.00,0.00,0,0,0.00,0.00,0,0
1503620101,eth0,0.00,0.00,0.00,0,0,0.00,0.00,0.00,0,0,0.00,0.00,0,0
1503620101,eth1,0.00,0.00,0.00,0,0,0.00,0.00,0.00,0,0,0.00,0.00,0,0
1503620101,s2,0.00,0.00,0.00,0,0,0.00,0.00,0.00,0,0,0.00,0.00,0,0
1503620101,s1-eth2,0.00,0.00,0.00,0,0,0.00,0.00,0.00,0,0,0.00,0.00,0,0
1503620101,s1-eth1,0.00,0.00,0.00,0,0,0.00,0.00,0.00,0,0,0.00,0.00,0,0
1503620101,s3,0.00,0.00,0.00,0,0,0.00,0.00,0.00,0,0,0.00,0.00,0,0
1503620101,s2-eth2,0.00,0.00,0.00,0,0,0.00,0.00,0.00,0,0,0.00,0.00,0,0
1503620101,s2-eth1,0.00,0.00,0.00,0,0,0.00,0.00,0.00,0,0,0.00,0.00,0,0
1503620101,lo,0.00,0.00,0.00,0,0,0.00,0.00,0.00,0,0,0.00,0.00,0,0
1503620101,s4,0.00,0.00,0.00,0,0,0.00,0.00,0.00,0,0,0.00,0.00,0,0
1503620101,s3