1503618574,s5,0.00,0.00,0.00,0,0,0.00,0.00,0.00,0,0,0.00,0.00,0,0
1503618574,s1,0.00,0.00,0.00,0,0,0.00,0.00,0.00,0,0,0.00,0.00,0,0
1503618574,eth0,0.00,0.00,0.00,0,0,0.00,0.00,0.00,0,0,0.00,0.00,0,0
1503618574,eth1,0.00,0.00,0.00,0,0,0.00,0.00,0.00,0,0,0.00,0.00,0,0
1503618574,s2,0.00,0.00,0.00,0,0,0.00,0.00,0.00,0,0,0.00,0.00,0,0
1503618574,s1-eth2,0.00,0.00,0.00,0,0,0.00,0.00,0.00,0,0,0.00,0.00,0,0
1503618574,s1-eth1,0.00,0.00,0.00,0,0,0.00,0.00,0.00,0,0,0.00,0.00,0,0
1503618574,s3,0.00,0.00,0.00,0,0,0.00,0.00,0.00,0,0,0.00,0.00,0,0
1503618574,lo,0.00,0.00,0.00,0,0,0.00,0.00,0.00,0,0,0.00,0.00,0,0
1503618574,s4,0.00,0.00,0.00,0,0,0.00,0.00,0.00,0,0,0.00,0.00,0,0
1503618574,total,0.00,0.00,0.00,0,0,0.00,0.00,0.00,0,0,0.00,0.00,0,0
1503618575,s5,0.00,0.00,0.00,0,0,0.00,0.00,0.00,0,0,0.00,0.00,0,0
1503618575,s1,250.00,500.00,750.00,500,250,3.00,6.00,9.00,6,3,0.00,0.00,0,0
1503618575,eth0,456.00,735.00,1191.00,735,456,6.00,6.00,12.00,6,6,0.00,0.00,0,0
1503618575,eth1,0.00,0.00,0.00,0,0,0.00,0.00,0.00,0,0,0.00,0.00,0,0
1503618575,s2,0.00,0.00,0.00,0,0,0.00,0.00,0.00,0,0,0.00,0.00,0,0
1503618575,s1-eth2,33422.00,1250814.00,1284236.00,1250814,33422,441.00,829.00,1270.00,829,441,0.00,0.00,0,0
1503618575,s1-eth1,1250142.00,31774.00,1281916.00,31774,1250142,841.00,429.00,1270.00,429,841,0.00,0.00,0,0
1503618575,s3,0.00,0.00,0.00,0,0,0.00,0.00,0.00,0,0,0.00,0.00,0,0
1503618575,lo,3503.00,3503.00,7006.00,3503,3503,38.00,38.00,76.00,38,38,0.00,0.00,0,0
1503618575,s4,0.00,0.00,0.00,0,0,0.00,0.00,0.00,0,0,0.00,0.00,0,0
1503618575,total,1287773.00,1287326.00,2575099.00,1287326,1287773,1329.00,1308.00,2637.00,1308,1329,0.00,0.00,0,0
1503618576,s5,0.00,0.00,0.00,0,0,0.00,0.00,0.00,0,0,0.00,0.00,0,0
1503618576,s1,0.00,0.00,0.00,0,0,0.00,0.00,0.00,0,0,0.00,0.00,0,0
1503618576,eth0,152.00,245.00,397.00,245,152,2.00,2.00,4.00,2,2,0.00,0.00,0,0
1503618576,eth1,0.00,0.00,0.00,0,0,0.00,0.00,0.00,0,0,0.00,0.00,0,0
1503618576,s2,0.00,0.00,0.00,0,0,0.00,0.00,0.00,0,0,0.00,0.00,0,0
1503618576,s1-eth2,32082.00,1217256.00,1249338.00,1217256,32082,424.00,804.00,1228.00,804,424,0.00,0.00,0,0
1503618576,s1-eth1,1217892.00,31080.00,1248972.00,31080,1217892,807.00,420.00,1227.00,420,807,0.00,0.00,0,0
1503618576,s3,0.00,0.00,0.00,0,0,0.00,0.00,0.00,0,0,0.00,0.00,0,0
1503618576,lo,341.00,341.00,682.00,341,341,4.00,4.00,8.00,4,4,0.00,0.00,0,0
1503618576,s4,0.00,0.00,0.00,0,0,0.00,0.00,0.00,0,0,0.00,0.00,0,0
1503618576,total,1250467.00,1248922.00,2499389.00,1248922,1250467,1237.00,1230.00,2467.00,1230,1237,0.00,0.00,0,0
1503618577,s5,0.00,0.00,0.00,0,0,0.00,0.00,0.00,0,0,0.00,0.00,0,0
1503618577,s1,0.00,0.00,0.00,0,0,0.00,0.00,0.00,0,0,0.00,0.00,0,0
1503618577,eth0,0.00,0.00,0.00,0,0,0.00,0.00,0.00,0,0,0.00,0.00,0,0
1503618577,eth1,0.00,0.00,0.00,0,0,0.00,0.00,0.00,0,0,0.00,0.00,0,0
1503618577,s2,0.00,0.00,0.00,0,0,0.00,0.00,0.00,0,0,0.00,0.00,0,0
1503618577,s1-eth2,32456.54,1249314.75,1281771.25,1250564,32489,431.57,825.17,1256.74,826,432,0.00,0.00,0,0
1503618577,s1-eth1,1251153.88,31714.29,1282868.12,31746,1252405,827.17,428.57,1255.74,429,828,0.00,0.00,0,0
1503618577,s3,0.00,0.00,0.00,0,0,0.00,0.00,0.00,0,0,0.00,0.00,0,0
1503618577,lo,0.00,0.00,0.00,0,0,0.00,0.00,0.00,0,0,0.00,0.00,0,0
1503618577,s4,0.00,0.00,0.00,0,0,0.00,0.00,0.00,0,0,0.00,0.00,0,0
1503618577,total,1283610.38,1281029.00,2564639.50,1282310,1284894,1258.74,1253.75,2512.49,1255,1260,0.00,0.00,0,0
1503618578,s5,0.00,0.00,0.00,0,0,0.00,0.00,0.00,0,0,0.00,0.00,0,0
1503618578,s1,0.00,0.00,0.00,0,0,0.00,0.00,0.00,0,0,0.00,0.00,0,0
1503618578,eth0,0.00,0.00,0.00,0,0,0.00,0.00,0.00,0,0,0.00,0.00,0,0
1503618578,eth1,0.00,0.00,0.00,0,0,0.00,0.00,0.00,0,0,0.00,0.00,0,0
1503618578,s2,0.00,0.00,0.00,0,0,0.00,0.00,0.00,0,0,0.00,0.00,0,0
1503618578,s1-eth2,31972.00,1250564.00,1282536.00,1250564,31972,429.00,826.00,1255.00,826,429,0.00,0.00,0,0
1503618578,s1-eth1,1249424.00,31598.00,1281022.00,31598,1249424,827.00,427.00,1254.00,427,827,0.00,0.00,0,0
1503618578,s3,0.00,0.00,0.00,0,0,0.00,0.00,0.00,0,0,0.00,0.00,0,0
1503618578,lo,0.00,0.00,0.00,0,0,0.00,0.00,0.00,0,0,0.00,0.00,0,0
1503618578,s4,0.00,0.00,0.00,0,0,0.00,0.00,0.00,0,0,0.00,0.00,0,0
1503618578,total,1281396.00,1282162.00,2563558.00,1282162,1281396,1256.00,1253.00,2509.00,1253,1256,0.00,0.00,0,0
1503618579,s5,0.00,0.00,0.00,0,0,0.00,0.00,0.00,0,0,0.00,0.00,0,0
1503618579,s1,70.00,140.00,210.00,140,70,1.00,2.00,3.00,2,1,0.00,0.00,0,0
1503618579,eth0,0.00,0.00,0.00,0,0,0.00,0.00,0.00,0,0,0.00,0.00,0,0
1503618579,eth1,0.00,0.00,0.00,0,0,0.00,0.00,0.00,0,0,0.00,0.00,0,0
1503618579,s2,0.00,0.00,0.00,0,0,0.00,0.00,0.00,0,0,0.00,0.00,0,0
1503618579,s1-eth2,31025.00,1250634.00,1281659.00,1250634,31025,416.00,827.00,1243.00,827,416,0.00,0.00,0,0
1503618579,s1-eth1,1251101.00,30632.00,1281733.00,30632,1251101,830.00,414.00,1244.00,414,830,0.00,0.00,0,0
1503618579,s3,0.00,0.00,0.00,0,0,0.00,0.00,0.00,0,0,0.00,0.00,0,0
1503618579,lo,1492.00,1492.00,2984.00,1492,1492,21.00,21.00,42.00,21,21,0.00,0.00,0,0
1503618579,s4,0.00,0.00,0.00,0,0,0.00,0.00,0.00,0,0,0.00,0.00,0,0
1503618579,total,1283688.00,1282898.00,2566586.00,1282898,1283688,1268.00,1264.00,2532.00,1264,1268,0.00,0.00,0,0
1503618580,s5,0.00,0.00,0.00,0,0,0.00,0.00,0.00,0,0,0.00,0.00,0,0
1503618580,s1,0.00,0.00,0.00,0,0,0.00,0.00,0.00,0,0,0.00,0.00,0,0
1503618580,eth0,0.00,0.00,0.00,0,0,0.00,0.00,0.00,0,0,0.00,0.00,0,0
1503618580,eth1,0.00,0.00,0.00,0,0,0.00,0.00,0.00,0,0,0.00,0.00,0,0
1503618580,s2,0.00,0.00,0.00,0,0,0.00,0.00,0.00,0,0,0.00,0.00,0,0
1503618580,s1-eth2,30488.00,1246022.00,1276510.00,1246022,30488,412.00,823.00,1235.00,823,412,0.00,0.00,0,0
1503618580,s1-eth1,1246022.00,30488.00,1276510.00,30488,1246022,823.00,412.00,1235.00,412,823,0.00,0.00,0,0
1503618580,s3,0.00,0.00,0.00,0,0,0.00,0.00,0.00,0,0,0.00,0.00,0,0
1503618580,lo,0.00,0.00,0.00,0,0,0.00,0.00,0.00,0,0,0.00,0.00,0,0
1503618580,s4,0.00,0.00,0.00,0,0,0.00,0.00,0.00,0,0,0.00,0.00,0,0
1503618580,total,1276510.00,1276510.00,2553020.00,1276510,1276510,1235.00,1235.00,2470.00,1235,1235,0.00,0.00,0,0
1503618581,s5,0.00,0.00,0.00,0,0,0.00,0.00,0.00,0,0,0.00,0.00,0,0
1503618581,s1,0.00,0.00,0.00,0,0,0.00,0.00,0.00,0,0,0.00,0.00,0,0
1503618581,eth0,0.00,0.00,0.00,0,0,0.00,0.00,0.00,0,0,0.00,0.00,0,0
1503618581,eth1,0.00,0.00,0.00,0,0,0.00,0.00,0.00,0,0,0.00,0.00,0,0
1503618581,s2,0.00,0.00,0.00,0,0,0.00,0.00,0.00,0,0,0.00,0.00,0,0
1503618581,s1-eth2,30531.47,1249314.75,1279846.25,1250564,30562,412.59,825.17,1237.76,826,413,0.00,0.00,0,0
1503618581,s1-eth1,1249314.75,30531.47,1279846.25,30562,1250564,825.17,412.59,1237.76,413,826,0.00,0.00,0,0
1503618581,s3,0.00,0.00,0.00,0,0,0.00,0.00,0.00,0,0,0.00,0.00,0,0
1503618581,lo,0.00,0.00,0.00,0,0,0.00,0.00,0.00,0,0,0.00,0.00,0,0
1503618581,s4,0.00,0.00,0.00,0,0,0.00,0.00,0.00,0,0,0.00,0.00,0,0
1503618581,total,1279846.25,1279846.25,2559692.50,1281126,1281126,1237.76,1237.76,2475.52,1239,1239,0.00,0.00,0,0
1503618582,s5,0.00,0.00,0.00,0,0,0.00,0.00,0.00,0,0,0.00,0.00,0,0
1503618582,s1,0.00,0.00,0.00,0,0,0.00,0.00,0.00,0,0,0.00,0.00,0,0
1503618582,eth0,0.00,0.00,0.00,0,0,0.00,0.00,0.00,0,0,0.00,0.00,0,0
1503618582,eth1,0.00,0.00,0.00,0,0,0.00,0.00,0.00,0,0,0.00,0.00,0,0
1503618582,s2,0.00,0.00,0.00,0,0,0.00,0.00,0.00,0,0,0.00,0.00,0,0
1503618582,s1-eth2,30891.00,1250564.00,1281455.00,1250564,30891,417.00,826.00,1243.00,826,417,0.00,0.00,0,0
1503618582,s1-eth1,1251013.00,30784.00,1281797.00,30784,1251013,828.00,416.00,1244.00,416,828,0.00,0.00,0,0
1503618582,s3,0.00,0.00,0.00,0,0,0.00,0.00,0.00,0,0,0.00,0.00,0,0
1503618582,lo,0.00,0.00,0.00,0,0,0.00,0.00,0.00,0,0,0.00,0.00,0,0
1503618582,s4,0.00,0.00,0.00,0,0,0.00,0.00,0.00,0,0,0.00,0.00,0,0
1503618582,total,1281904.00,1281348.00,2563252.00,1281348,1281904,1245.00,1242.00,2487.00,1242,1245,0.00,0.00,0,0
1503618583,s5,0.00,0.00,0.00,0,0,0.00,0.00,0.00,0,0,0.00,0.00,0,0
1503618583,s1,70.00,140.00,210.00,140,70,1.00,2.00,3.00,2,1,0.00,0.00,0,0
1503618583,eth0,0.00,0.00,0.00,0,0,0.00,0.00,0.00,0,0,0.00,0.00,0,0
1503618583,eth1,0.00,0.00,0.00,0,0,0.00,0.00,0.00,0,0,0.00,0.00,0,0
1503618583,s2,0.00,0.00,0.00,0,0,0.00,0.00,0.00,0,0,0.00,0.00,0,0
1503618583,s1-eth2,30892.00,1241550.00,1272442.00,1241550,30892,414.00,821.00,1235.00,821,414,0.00,0.00,0,0
1503618583,s1-eth1,1241690.00,30410.00,1272100.00,30410,1241690,823.00,411.00,1234.00,411,823,0.00,0.00,0,0
1503618583,s3,0.00,0.00,0.00,0,0,0.00,0.00,0.00,0,0,0.00,0.00,0,0
1503618583,lo,803.20,803.20,1606.39,804,804,8.99,8.99,17.98,9,9,0.00,0.00,0,0
1503618583,s4,0.00,0.00,0.00,0,0,0.00,0.00,0.00,0,0,0.00,0.00,0,0
1503618583,total,1272183.88,1271632.38,2543816.25,1272904,1273456,1245.75,1241.76,2487.51,1243,1247,0.00,0.00,0,0
1503618584,s5,0.00,0.00,0.00,0,0,0.00,0.00,0.00,0,0,0.00,0.00,0,0
1503618584,s1,0.00,0.00,0.00,0,0,0.00,0.00,0.00,0,0,0.00,0.00,0,0
1503618584,eth0,0.00,0.00,0.00,0,0,0.00,0.00,0.00,0,0,0.00,0.00,0,0
1503618584,eth1,0.00,0.00,0.00,0,0,0.00,0.00,0.00,0,0,0.00,0.00,0,0
1503618584,s2,0.00,0.00,0.00,0,0,0.00,0.00,0.00,0,0,0.00,0.00,0,0
1503618584,s1-eth2,30605.39,1250827.25,1281432.62,1252078,30636,413.59,826.17,1239.76,827,414,0.00,0.00,0,0
1503618584,s1-eth1,1250827.25,30531.47,1281358.62,30562,1252078,826.17,412.59,1238.76,413,827,0.00,0.00,0,0
1503618584,s3,0.00,0.00,0.00,0,0,0.00,0.00,0.00,0,0,0.00,0.00,0,0
1503618584,lo,688.00,688.00,1376.00,688,688,12.00,12.00,24.00,12,12,0.00,0.00,0,0
1503618584,s4,0.00,0.00,0.00,0,0,0.00,0.00,0.00,0,0,0.00,0.00,0,0
1503618584,total,1283402.00,1283328.00,2566730.00,1283328,1283402,1253.00,1252.00,2505.00,1252,1253,0.00,0.00,0,0
1503618585,s5,0.00,0.00,0.00,0,0,0.00,0.00,0.00,0,0,0.00,0.00,0,0
1503618585,s1,0.00,0.00,0.00,0,0,0.00,0.00,0.00,0,0,0.00,0.00,0,0
1503618585,eth0,0.00,0.00,0.00,0,0,0.00,0.00,0.00,0,0,0.00,0.00,0,0
1503618585,eth1,0.00,0.00,0.00,0,0,0.00,0.00,0.00,0,0,0.00,0.00,0,0
1503618585,s2,0.00,0.00,0.00,0,0,0.00,0.00,0.00,0,0,0.00,0.00,0,0
1503618585,s1-eth2,30562.00,1250564.00,1281126.00,1250564,30562,413.00,826.00,1239.00,826,413,0.00,0.00,0,0
1503618585,s1-eth1,1250564.00,30562.00,1281126.00,30562,1250564,826.00,413.00,1239.00,413,826,0.00,0.00,0,0
1503618585,s3,0.00,0.00,0.00,0,0,0.00,0.00,0.00,0,0,0.00,0.00,0,0
1503618585,lo,0.00,0.00,0.00,0,0,0.00,0.00,0.00,0,0,0.00,0.00,0,0
1503618585,s4,0.00,0.00,0.00,0,0,0.00,0.00,0.00,0,0,0.00,0.00,0,0
1503618585,total,1281126.00,1281126.00,2562252.00,1281126,1281126,1239.00,1239.00,2478.00,1239,1239,0.00,0.00,0,0
1503618586,s5,0.00,0.00,0.00,0,0,0.00,0.00,0.00,0,0,0.00,0.00,0,0
1503618586,s1,0.00,0.00,0.00,0,0,0.00,0.00,0.00,0,0,0.00,0.00,0,0
1503618586,eth0,0.00,0.00,0.00,0,0,0.00,0.00,0.00,0,0,0.00,0.00,0,0
1503618586,eth1,0.00,0.00,0.00,0,0,0.00,0.00,0.00,0,0,0.00,0.00,0,0
1503618586,s2,0.00,0.00,0.00,0,0,0.00,0.00,0.00,0,0,0.00,0.00,0,0
1503618586,s1-eth2,30562.00,1250564.00,1281126.00,1250564,30562,413.00,826.00,1239.00,826,413,0.00,0.00,0,0
1503618586,s1-eth1,1250564.00,30562.00,1281126.00,30562,1250564,826.00,413.00,1239.00,413,826,0.00,0.00,0,0
1503618586,s3,0.00,0.00,0.00,0,0,0.00,0.00,0.00,0,0,0.00,0.00,0,0
1503618586,lo,0.00,0.00,0.00,0,0,0.00,0.00,0.00,0,0,0.00,0.00,0,0
1503618586,s4,0.00,0.00,0.00,0,0,0.00,0.00,0.00,0,0,0.00,0.00,0,0
1503618586,total,1281126.00,1281126.00,2562252.00,1281126,1281126,1239.00,1239.00,2478.00,1239,1239,0.00,0.00,0,0
1503618587,s5,0.00,0.00,0.00,0,0,0.00,0.00,0.00,0,0,0.00,0.00,0,0
1503618587,s1,0.00,0.00,0.00,0,0,0.00,0.00,0.00,0,0,0.00,0.00,0,0
1503618587,eth0,0.00,0.00,0.00,0,0,0.00,0.00,0.00,0,0,0.00,0.00,0,0
1503618587,eth1,0.00,0.00,0.00,0,0,0.00,0.00,0.00,0,0,0.00,0.00,0,0
1503618587,s2,0.00,0.00,0.00,0,0,0.00,0.00,0.00,0,0,0.00,0.00,0,0
1503618587,s1-eth2,30488.00,1250564.00,1281052.00,1250564,30488,412.00,826.00,1238.00,826,412,0.00,0.00,0,0
1503618587,s1-eth1,1249050.00,30562.00,1279612.00,30562,1249050,825.00,413.00,1238.00,413,825,0.00,0.00,0,0
1503618587,s3,0.00,0.00,0.00,0,0,0.00,0.00,0.00,0,0,0.00,0.00,0,0
1503618587,lo,0.00,0.00,0.00,0,0,0.00,0.00,0.00,0,0,0.00,0.00,0,0
1503618587,s4,0.00,0.00,0.00,0,0,0.00,0.00,0.00,0,0,0.00,0.00,0,0
1503618587,total,1279538.00,1281126.00,2560664.00,1281126,1279538,1237.00,1239.00,2476.00,1239,1237,0.00,0.00,0,0
1503618588,s5,0.00,0.00,0.00,0,0,0.00,0.00,0.00,0,0,0.00,0.00,0,0
1503618588,s1,0.00,0.00,0.00,0,0,0.00,0.00,0.00,0,0,0.00,0.00,0,0
1503618588,eth0,0.00,0.00,0.00,0,0,0.00,0.00,0.00,0,0,0.00,0.00,0,0
1503618588,eth1,0.00,0.00,0.00,0,0,0.00,0.00,0.00,0,0,0.00,0.00,0,0
1503618588,s2,0.00,0.00,0.00,0,0,0.00,0.00,0.00,0,0,0.00,0.00,0,0
1503618588,s1-eth2,30562.00,1247536.00,1278098.00,1247536,30562,413.00,824.00,1237.00,824,413,0.00,0.00,0,0
1503618588,s1-eth1,1249050.00,30488.00,1279538.00,30488,1249050,825.00,412.00,1237.00,412,825,0.00,0.00,0,0
1503618588,s3,0.00,0.00,0.00,0,0,0.00,0.00,0.00,0,0,0.00,0.00,0,0
1503618588,lo,172.00,172.00,344.00,172,172,3.00,3.00,6.00,3,3,0.00,0.00,0,0
1503618588,s4,0.00,0.00,0.00,0,0,0.00,0.00,0.00,0,0,0.00,0.00,0,0
1503618588,total,1279784.00,1278196.00,2557980.00,1278196,1279784,1241.00,1239.00,2480.00,1239,1241,0.00,0.00,0,0
1503618589,s5,0.00,0.00,0.00,0,0,0.00,0.00,0.00,0,0,0.00,0.00,0,0
1503618589,s1,0.00,0.00,0.00,0,0,0.00,0.00,0.00,0,0,0.00,0.00,0,0
1503618589,eth0,0.00,0.00,0.00,0,0,0.00,0.00,0.00,0,0,0.00,0.00,0,0
1503618589,eth1,0.00,0.00,0.00,0,0,0.00,0.00,0.00,0,0,0.00,0.00,0,0
1503618589,s2,0.00,0.00,0.00,0,0,0.00,0.00,0.00,0,0,0.00,0.00,0,0
1503618589,s1-eth2,30488.00,1249050.00,1279538.00,1249050,30488,412.00,825.00,1237.00,825,412,0.00,0.00,0,0
1503618589,s1-eth1,1249050.00,30562.00,1279612.00,30562,1249050,825.00,413.00,1238.00,413,825,0.00,0.00,0,0
1503618589,s3,0.00,0.00,0.00,0,0,0.00,0.00,0.00,0,0,0.00,0.00,0,0
1503618589,lo,688.00,688.00,1376.00,688,688,12.00,12.00,24.00,12,12,0.00,0.00,0,0
1503618589,s4,0.00,0.00,0.00,0,0,0.00,0.00,0.00,0,0,0.00,0.00,0,0
1503618589,total,1280226.00,1280300.00,2560526.00,1280300,1280226,1249.00,1250.00,2499.00,1250,1249,0.00,0.00,0,0
1503618590,s5,0.00,0.00,0.00,0,0,0.00,0.00,0.00,0,0,0.00,0.00,0,0
1503618590,s1,0.00,0.00,0.00,0,0,0.00,0.00,0.00,0,0,0.00,0.00,0,0
1503618590,eth0,0.00,0.00,0.00,0,0,0.00,0.00,0.00,0,0,0.00,0.00,0,0
1503618590,eth1,0.00,0.00,0.00,0,0,0.00,0.00,0.00,0,0,0.00,0.00,0,0
1503618590,s2,0.00,0.00,0.00,0,0,0.00,0.00,0.00,0,0,0.00,0.00,0,0
1503618590,s1-eth2,30669.00,1250564.00,1281233.00,1250564,30669,414.00,826.00,1240.00,826,414,0.00,0.00,0,0
1503618590,s1-eth1,1251013.00,30562.00,1281575.00,30562,1251013,828.00,413.00,1241.00,413,828,0.00,0.00,0,0
1503618590,s3,0.00,0.00,0.00,0,0,0.00,0.00,0.00,0,0,0.00,0.00,0,0
1503618590,lo,0.00,0.00,0.00,0,0,0.00,0.00,0.00,0,0,0.00,0.00,0,0
1503618590,s4,0.00,0.00,0.00,0,0,0.00,0.00,0.00,0,0,0.00,0.00,0,0
1503618590,total,1281682.00,1281126.00,2562808.00,1281126,1281682,1242.00,1239.00,2481.00,1239,1242,0.00,0.00,0,0
1503618591,s5,0.00,0.00,0.00,0,0,0.00,0.00,0.00,0,0,0.00,0.00,0,0
1503618591,s1,0.00,0.00,0.00,0,0,0.00,0.00,0.00,0,0,0.00,0.00,0,0
1503618591,eth0,0.00,0.00,0.00,0,0,0.00,0.00,0.00,0,0,0.00,0.00,0,0
1503618591,eth1,0.00,0.00,0.00,0,0,0.00,0.00,0.00,0,0,0.00,0.00,0,0
1503618591,s2,0.00,0.00,0.00,0,0,0.00,0.00,0.00,0,0,0.00,0.00,0,0
1503618591,s1-eth2,30904.00,1250564.00,1281468.00,1250564,30904,414.00,826.00,1240.00,826,414,0.00,0.00,0,0
1503618591,s1-eth1,1250564.00,30562.00,1281126.00,30562,1250564,826.00,413.00,1239.00,413,826,0.00,0.00,0,0
1503618591,s3,0.00,0.00,0.00,0,0,0.00,0.00,0.00,0,0,0.00,0.00,0,0
1503618591,lo,0.00,0.00,0.00,0,0,0.00,0.00,0.00,0,0,0.00,0.00,0,0
1503618591,s4,0.00,0.00,0.00,0,0,0.00,0.00,0.00,0,0,0.00,0.00,0,0
1503618591,total,1281468.00,1281126.00,2562594.00,1281126,1281468,1240.00,1239.00,2479.00,1239,1240,0.00,0.00,0,0
1503618592,s5,0.00,0.00,0.00,0,0,0.00,0.00,0.00,0,0,0.00,0.00,0,0
1503618592,s1,0.00,0.00,0.00,0,0,0.00,0.00,0.00,0,0,0.00,0.00,0,0
1503618592,eth0,0.00,0.00,0.00,0,0,0.00,0.00,0.00,0,0,0.00,0.00,0,0
1503618592,eth1,0.00,0.00,0.00,0,0,0.00,0.00,0.00,0,0,0.00,0.00,0,0
1503618592,s2,0.00,0.00,0.00,0,0,0.00,0.00,0.00,0,0,0.00,0.00,0,0
1503618592,s1-eth2,30636.00,1250564.00,1281200.00,1250564,30636,414.00,826.00,1240.00,826,414,0.00,0.00,0,0
1503618592,s1-eth1,1250564.00,30636.00,1281200.00,30636,1250564,826.00,414.00,1240.00,414,826,0.00,0.00,0,0
1503618592,s3,0.00,0.00,0.00,0,0,0.00,0.00,0.00,0,0,0.00,0.00,0,0
1503618592,lo,0.00,0.00,0.00,0,0,0.00,0.00,0.00,0,0,0.00,0.00,0,0
1503618592,s4,0.00,0.00,0.00,0,0,0.00,0.00,0.00,0,0,0.00,0.00,0,0
1503618592,total,1281200.00,1281200.00,2562400.00,1281200,1281200,1240.00,1240.00,2480.00,1240,1240,0.00,0.00,0,0
1503618593,s5,0.00,0.00,0.00,0,0,0.00,0.00,0.00,0,0,0.00,0.00,0,0
1503618593,s1,0.00,0.00,0.00,0,0,0.00,0.00,0.00,0,0,0.00,0.00,0,0
1503618593,eth0,0.00,0.00,0.00,0,0,0.00,0.00,0.00,0,0,0.00,0.00,0,0
1503618593,eth1,0.00,0.00,0.00,0,0,0.00,0.00,0.00,0,0,0.00,0.00,0,0
1503618593,s2,0.00,0.00,0.00,0,0,0.00,0.00,0.00,0,0,0.00,0.00,0,0
1503618593,s1-eth2,30562.00,1250564.00,1281126.00,1250564,30562,413.00,826.00,1239.00,826,413,0.00,0.00,0,0
1503618593,s1-eth1,1249050.00,30488.00,1279538.00,30488,1249050,825.00,412.00,1237.00,412,825,0.00,0.00,0,0
1503618593,s3,0.00,0.00,0.00,0,0,0.00,0.00,0.00,0,0,0.00,0.00,0,0
1503618593,lo,172.00,172.00,344.00,172,172,3.00,3.00,6.00,3,3,0.00,0.00,0,0
1503618593,s4,0.00,0.00,0.00,0,0,0.00,0.00,0.00,0,0,0.00,0.00,0,0
1503618593,total,1279784.00,1281224.00,2561008.00,1281224,1279784,1241.00,1241.00,2482.00,1241,1241,0.00,0.00,0,0
1503618594,s5,0.00,0.00,0.00,0,0,0.00,0.00,0.00,0,0,0.00,0.00,0,0
1503618594,s1,0.00,0.00,0.00,0,0,0.00,0.00,0.00,0,0,0.00,0.00,0,0
1503618594,eth0,0.00,0.00,0.00,0,0,0.00,0.00,0.00,0,0,0.00,0.00,0,0
1503618594,eth1,0.00,0.00,0.00,0,0,0.00,0.00,0.00,0,0,0.00,0.00,0,0
1503618594,s2,0.00,0.00,0.00,0,0,0.00,0.00,0.00,0,0,0.00,0.00,0,0
1503618594,s1-eth2,30562.00,1250564.00,1281126.00,1250564,30562,413.00,826.00,1239.00,826,413,0.00,0.00,0,0
1503618594,s1-eth1,1250564.00,30562.00,1281126.00,30562,1250564,826.00,413.00,1239.00,413,826,0.00,0.00,0,0
1503618594,s3,0.00,0.00,0.00,0,0,0.00,0.00,0.00,0,0,0.00,0.00,0,0
1503618594,lo,688.00,688.00,1376.00,688,688,12.00,12.00,24.00,12,12,0.00,0.00,0,0
1503618594,s4,0.00,0.00,0.00,0,0,0.00,0.00,0.00,0,0,0.00,0.00,0,0
1503618594,total,1281814.00,1281814.00,2563628.00,1281814,1281814,1251.00,1251.00,2502.00,1251,1251,0.00,0.00,0,0
1503618595,s5,0.00,0.00,0.00,0,0,0.00,0.00,0.00,0,0,0.00,0.00,0,0
1503618595,s1,0.00,0.00,0.00,0,0,0.00,0.00,0.00,0,0,0.00,0.00,0,0
1503618595,eth0,0.00,0.00,0.00,0,0,0.00,0.00,0.00,0,0,0.00,0.00,0,0
1503618595,eth1,0.00,0.00,0.00,0,0,0.00,0.00,0.00,0,0,0.00,0.00,0,0
1503618595,s2,0.00,0.00,0.00,0,0,0.00,0.00,0.00,0,0,0.00,0.00,0,0
1503618595,s1-eth2,30562.00,1250564.00,1281126.00,1250564,30562,413.00,826.00,1239.00,826,413,0.00,0.00,0,0
1503618595,s1-eth1,1250564.00,30562.00,1281126.00,30562,1250564,826.00,413.00,1239.00,413,826,0.00,0.00,0,0
1503618595,s3,0.00,0.00,0.00,0,0,0.00,0.00,0.00,0,0,0.00,0.00,0,0
1503618595,lo,0.00,0.00,0.00,0,0,0.00,0.00,0.00,0,0,0.00,0.00,0,0
1503618595,s4,0.00,0.00,0.00,0,0,0.00,0.00,0.00,0,0,0.00,0.00,0,0
1503618595,total,1281126.00,1281126.00,2562252.00,1281126,1281126,1239.00,1239.00,2478.00,1239,1239,0.00,0.00,0,0
1503618596,s5,0.00,0.00,0.00,0,0,0.00,0.00,0.00,0,0,0.00,0.00,0,0
1503618596,s1,0.00,0.00,0.00,0,0,0.00,0.00,0.00,0,0,0.00,0.00,0,0
1503618596,eth0,0.00,0.00,0.00,0,0,0.00,0.00,0.00,0,0,0.00,0.00,0,0
1503618596,eth1,0.00,0.00,0.00,0,0,0.00,0.00,0.00,0,0,0.00,0.00,0,0
1503618596,s2,0.00,0.00,0.00,0,0,0.00,0.00,0.00,0,0,0.00,0.00,0,0
1503618596,s1-eth2,30488.00,1246022.00,1276510.00,1246022,30488,412.00,823.00,1235.00,823,412,0.00,0.00,0,0
1503618596,s1-eth1,1247536.00,30488.00,1278024.00,30488,1247536,824.00,412.00,1236.00,412,824,0.00,0.00,0,0
1503618596,s3,0.00,0.00,0.00,0,0,0.00,0.00,0.00,0,0,0.00,0.00,0,0
1503618596,lo,0.00,0.00,0.00,0,0,0.00,0.00,0.00,0,0,0.00,0.00,0,0
1503618596,s4,0.00,0.00,0.00,0,0,0.00,0.00,0.00,0,0,0.00,0.00,0,0
1503618596,total,1278024.00,1276510.00,2554534.00,1276510,1278024,1236.00,1235.00,2471.00,1235,1236,0.00,0.00,0,0
1503618597,s5,0.00,0.00,0.00,0,0,0.00,0.00,0.00,0,0,0.00,0.00,0,0
1503618597,s1,0.00,0.00,0.00,0,0,0.00,0.00,0.00,0,0,0.00,0.00,0,0
1503618597,eth0,0.00,0.00,0.00,0,0,0.00,0.00,0.00,0,0,0.00,0.00,0,0
1503618597,eth1,0.00,0.00,0.00,0,0,0.00,0.00,0.00,0,0,0.00,0.00,0,0
1503618597,s2,0.00,0.00,0.00,0,0,0.00,0.00,0.00,0,0,0.00,0.00,0,0
1503618597,s1-eth2,30562.00,1250564.00,1281126.00,1250564,30562,413.00,826.00,1239.00,826,413,0.00,0.00,0,0
1503618597,s1-eth1,1249050.00,30562.00,1279612.00,30562,1249050,825.00,413.00,1238.00,413,825,0.00,0.00,0,0
1503618597,s3,0.00,0.00,0.00,0,0,0.00,0.00,0.00,0,0,0.00,0.00,0,0
1503618597,lo,0.00,0.00,0.00,0,0,0.00,0.00,0.00,0,0,0.00,0.00,0,0
1503618597,s4,0.00,0.00,0.00,0,0,0.00,0.00,0.00,0,0,0.00,0.00,0,0
1503618597,total,1279612.00,1281126.00,2560738.00,1281126,1279612,1238.00,1239.00,2477.00,1239,1238,0.00,0.00,0,0
1503618598,s5,0.00,0.00,0.00,0,0,0.00,0.00,0.00,0,0,0.00,0.00,0,0
1503618598,s1,0.00,0.00,0.00,0,0,0.00,0.00,0.00,0,0,0.00,0.00,0,0
1503618598,eth0,0.00,0.00,0.00,0,0,0.00,0.00,0.00,0,0,0.00,0.00,0,0
1503618598,eth1,0.00,0.00,0.00,0,0,0.00,0.00,0.00,0,0,0.00,0.00,0,0
1503618598,s2,0.00,0.00,0.00,0,0,0.00,0.00,0.00,0,0,0.00,0.00,0,0
1503618598,s1-eth2,30488.00,1250564.00,1281052.00,1250564,30488,412.00,826.00,1238.00,826,412,0.00,0.00,0,0
1503618598,s1-eth1,1250564.00,30562.00,1281126.00,30562,1250564,826.00,413.00,1239.00,413,826,0.00,0.00,0,0
1503618598,s3,0.00,0.00,0.00,0,0,0.00,0.00,0.00,0,0,0.00,0.00,0,0
1503618598,lo,172.00,172.00,344.00,172,172,3.00,3.00,6.00,3,3,0.00,0.00,0,0
1503618598,s4,0.00,0.00,0.00,0,0,0.00,0.00,0.00,0,0,0.00,0.00,0,0
1503618598,total,1281224.00,1281298.00,2562522.00,1281298,1281224,1241.00,1242.00,2483.00,1242,1241,0.00,0.00,0,0
1503618599,s5,0.00,0.00,0.00,0,0,0.00,0.00,0.00,0,0,0.00,0.00,0,0
1503618599,s1,0.00,0.00,0.00,0,0,0.00,0.00,0.00,0,0,0.00,0.00,0,0
1503618599,eth0,0.00,0.00,0.00,0,0,0.00,0.00,0.00,0,0,0.00,0.00,0,0
1503618599,eth1,107.00,0.00,107.00,0,107,1.00,0.00,1.00,0,1,0.00,0.00,0,0
1503618599,s2,0.00,0.00,0.00,0,0,0.00,0.00,0.00,0,0,0.00,0.00,0,0
1503618599,s1-eth2,30636.00,1250564.00,1281200.00,1250564,30636,414.00,826.00,1240.00,826,414,0.00,0.00,0,0
1503618599,s1-eth1,1252078.00,30562.00,1282640.00,30562,1252078,827.00,413.00,1240.00,413,827,0.00,0.00,0,0
1503618599,s3,0.00,0.00,0.00,0,0,0.00,0.00,0.00,0,0,0.00,0.00,0,0
1503618599,lo,688.00,688.00,1376.00,688,688,12.00,12.00,24.00,12,12,0.00,0.00,0,0
1503618599,s4,0.00,0.00,0.00,0,0,0.00,0.00,0.00,0,0,0.00,0.00,0,0
1503618599,total,1283509.00,1281814.00,2565323.00,1281814,1283509,1254.00,1251.00,2505.00,1251,1254,0.00,0.00,0,0
1503618600,s5,0.00,0.00,0.00,0,0,0.00,0.00,0.00,0,0,0.00,0.00,0,0
1503618600,s1,0.00,0.00,0.00,0,0,0.00,0.00,0.00,0,0,0.00,0.00,0,0
1503618600,eth0,0.00,0.00,0.00,0,0,0.00,0.00,0.00,0,0,0.00,0.00,0,0
1503618600,eth1,0.00,0.00,0.00,0,0,0.00,0.00,0.00,0,0,0.00,0.00,0,0
1503618600,s2,0.00,0.00,0.00,0,0,0.00,0.00,0.00,0,0,0.00,0.00,0,0
1503618600,s1-eth2,30488.00,1250564.00,1281052.00,1250564,30488,412.00,826.00,1238.00,826,412,0.00,0.00,0,0
1503618600,s1-eth1,1247878.00,30562.00,1278440.00,30562,1247878,825.00,413.00,1238.00,413,825,0.00,0.00,0,0
1503618600,s3,0.00,0.00,0.00,0,0,0.00,0.00,0.00,0,0,0.00,0.00,0,0
1503618600,lo,0.00,0.00,0.00,0,0,0.00,0.00,0.00,0,0,0.00,0.00,0,0
1503618600,s4,0.00,0.00,0.00,0,0,0.00,0.00,0.00,0,0,0.00,0.00,0,0
1503618600,total,1278366.00,1281126.00,2559492.00,1281126,1278366,1237.00,1239.00,2476.00,1239,1237,0.00,0.00,0,0
1503618601,s5,0.00,0.00,0.00,0,0,0.00,0.00,0.00,0,0,0.00,0.00,0,0
1503618601,s1,0.00,0.00,0.00,0,0,0.00,0.00,0.00,0,0,0.00,0.00,0,0
1503618601,eth0,0.00,0.00,0.00,0,0,0.00,0.00,0.00,0,0,0.00,0.00,0,0
1503618601,eth1,0.00,0.00,0.00,0,0,0.00,0.00,0.00,0,0,0.00,0.00,0,0
1503618601,s2,0.00,0.00,0.00,0,0,0.00,0.00,0.00,0,0,0.00,0.00,0,0
1503618601,s1-eth2,30756.00,1244508.00,1275264.00,1244508,30756,412.00,822.00,1234.00,822,412,0.00,0.00,0,0
1503618601,s1-eth1,1244508.00,30340.00,1274848.00,30340,1244508,822.00,410.00,1232.00,410,822,0.00,0.00,0,0
1503618601,s3,0.00,0.00,0.00,0,0,0.00,0.00,0.00,0,0,0.00,0.00,0,0
1503618601,lo,0.00,0.00,0.00,0,0,0.00,0.00,0.00,0,0,0.00,0.00,0,0
1503618601,s4,0.00,0.00,0.00,0,0,0.00,0.00,0.00,0,0,0.00,0.00,0,0
1503618601,total,1275264.00,1274848.00,2550112.00,1274848,1275264,1234.00,1232.00,2466.00,1232,1234,0.00,0.00,0,0
1503618602,s5,0.00,0.00,0.00,0,0,0.00,0.00,0.00,0,0,0.00,0.00,0,0
1503618602,s1,0.00,0.00,0.00,0,0,0.00,0.00,0.00,0,0,0.00,0.00,0,0
1503618602,eth0,0.00,0.00,0.00,0,0,0.00,0.00,0.00,0,0,0.00,0.00,0,0
1503618602,eth1,0.00,0.00,0.00,0,0,0.00,0.00,0.00,0,0,0.00,0.00,0,0
1503618602,s2,0.00,0.00,0.00,0,0,0.00,0.00,0.00,0,0,0.00,0.00,0,0
1503618602,s1-eth2,30488.00,1250564.00,1281052.00,1250564,30488,412.00,826.00,1238.00,826,412,0.00,0.00,0,0
1503618602,s1-eth1,1250564.00,30562.00,1281126.00,30562,1250564,826.00,413.00,1239.00,413,826,0.00,0.00,0,0
1503618602,s3,0.00,0.00,0.00,0,0,0.00,0.00,0.00,0,0,0.00,0.00,0,0
1503618602,lo,0.00,0.00,0.00,0,0,0.00,0.00,0.00,0,0,0.00,0.00,0,0
1503618602,s4,0.00,0.00,0.00,0,0,0.00,0.00,0.00,0,0,0.00,0.00,0,0
1503618602,total,1281052.00,1281126.00,2562178.00,1281126,1281052,1238.00,1239.00,2477.00,1239,1238,0.00,0.00,0,0
1503618603,s5,0.00,0.00,0.00,0,0,0.00,0.00,0.00,0,0,0.00,0.00,0,0
1503618603,s1,0.00,0.00,0.00,0,0,0.00,0.00,0.00,0,0,0.00,0.00,0,0
1503618603,eth0,0.00,0.00,0.00,0,0,0.00,0.00,0.00,0,0,0.00,0.00,0,0
1503618603,eth1,0.00,0.00,0.00,0,0,0.00,0.00,0.00,0,0,0.00,0.00,0,0
1503618603,s2,0.00,0.00,0.00,0,0,0.00,0.00,0.00,0,0,0.00,0.00,0,0
1503618603,s1-eth2,30562.00,1250564.00,1281126.00,1250564,30562,413.00,826.00,1239.00,826,413,0.00,0.00,0,0
1503618603,s1-eth1,1250564.00,30562.00,1281126.00,30562,1250564,826.00,413.00,1239.00,413,826,0.00,0.00,0,0
1503618603,s3,0.00,0.00,0.00,0,0,0.00,0.00,0.00,0,0,0.00,0.00,0,0
1503618603,lo,172.00,172.00,344.00,172,172,3.00,3.00,6.00,3,3,0.00,0.00,0,0
1503618603,s4,0.00,0.00,0.00,0,0,0.00,0.00,0.00,0,0,0.00,0.00,0,0
1503618603,total,1281298.00,1281298.00,2562596.00,1281298,1281298,1242.00,1242.00,2484.00,1242,1242,0.00,0.00,0,0
1503618604,s5,0.00,0.00,0.00,0,0,0.00,0.00,0.00,0,0,0.00,0.00,0,0
1503618604,s1,0.00,0.00,0.00,0,0,0.00,0.00,0.00,0,0,0.00,0.00,0,0
1503618604,eth0,0.00,0.00,0.00,0,0,0.00,0.00,0.00,0,0,0.00,0.00,0,0
1503618604,eth1,0.00,0.00,0.00,0,0,0.00,0.00,0.00,0,0,0.00,0.00,0,0
1503618604,s2,0.00,0.00,0.00,0,0,0.00,0.00,0.00,0,0,0.00,0.00,0,0
1503618604,s1-eth2,30562.00,1249050.00,1279612.00,1249050,30562,413.00,825.00,1238.00,825,413,0.00,0.00,0,0
1503618604,s1-eth1,1250564.00,30562.00,1281126.00,30562,1250564,826.00,413.00,1239.00,413,826,0.00,0.00,0,0
1503618604,s3,0.00,0.00,0.00,0,0,0.00,0.00,0.00,0,0,0.00,0.00,0,0
1503618604,lo,688.00,688.00,1376.00,688,688,12.00,12.00,24.00,12,12,0.00,0.00,0,0
1503618604,s4,0.00,0.00,0.00,0,0,0.00,0.00,0.00,0,0,0.00,0.00,0,0
1503618604,total,1281814.00,1280300.00,2562114.00,1280300,1281814,1251.00,1250.00,2501.00,1250,1251,0.00,0.00,0,0
1503618605,s5,0.00,0.00,0.00,0,0,0.00,0.00,0.00,0,0,0.00,0.00,0,0
1503618605,s1,0.00,0.00,0.00,0,0,0.00,0.00,0.00,0,0,0.00,0.00,0,0
1503618605,eth0,0.00,0.00,0.00,0,0,0.00,0.00,0.00,0,0,0.00,0.00,0,0
1503618605,eth1,0.00,0.00,0.00,0,0,0.00,0.00,0.00,0,0,0.00,0.00,0,0
1503618605,s2,0.00,0.00,0.00,0,0,0.00,0.00,0.00,0,0,0.00,0.00,0,0
1503618605,s1-eth2,30636.00,1250564.00,1281200.00,1250564,30636,414.00,826.00,1240.00,826,414,0.00,0.00,0,0
1503618605,s1-eth1,1249050.00,30562.00,1279612.00,30562,1249050,825.00,413.00,1238.00,413,825,0.00,0.00,0,0
1503618605,s3,0.00,0.00,0.00,0,0,0.00,0.00,0.00,0,0,0.00,0.00,0,0
1503618605,lo,0.00,0.00,0.00,0,0,0.00,0.00,0.00,0,0,0.00,0.00,0,0
1503618605,s4,0.00,0.00,0.00,0,0,0.00,0.00,0.00,0,0,0.00,0.00,0,0
1503618605,total,1279686.00,1281126.00,2560812.00,1281126,1279686,1239.00,1239.00,2478.00,1239,1239,0.00,0.00,0,0
1503618606,s5,0.00,0.00,0.00,0,0,0.00,0.00,0.00,0,0,0.00,0.00,0,0
1503618606,s1,0.00,0.00,0.00,0,0,0.00,0.00,0.00,0,0,0.00,0.00,0,0
1503618606,eth0,0.00,0.00,0.00,0,0,0.00,0.00,0.00,0,0,0.00,0.00,0,0
1503618606,eth1,0.00,0.00,0.00,0,0,0.00,0.00,0.00,0,0,0.00,0.00,0,0
1503618606,s2,0.00,0.00,0.00,0,0,0.00,0.00,0.00,0,0,0.00,0.00,0,0
1503618606,s1-eth2,30447.00,1244508.00,1274955.00,1244508,30447,411.00,822.00,1233.00,822,411,0.00,0.00,0,0
1503618606,s1-eth1,1244615.00,30414.00,1275029.00,30414,1244615,823.00,411.00,1234.00,411,823,0.00,0.00,0,0
1503618606,s3,0.00,0.00,0.00,0,0,0.00,0.00,0.00,0,0,0.00,0.00,0,0
1503618606,lo,0.00,0.00,0.00,0,0,0.00,0.00,0.00,0,0,0.00,0.00,0,0
1503618606,s4,0.00,0.00,0.00,0,0,0.00,0.00,0.00,0,0,0.00,0.00,0,0
1503618606,total,1275062.00,1274922.00,2549984.00,1274922,1275062,1234.00,1233.00,2467.00,1233,1234,0.00,0.00,0,0
1503618607,s5,0.00,0.00,0.00,0,0,0.00,0.00,0.00,0,0,0.00,0.00,0,0
1503618607,s1,0.00,0.00,0.00,0,0,0.00,0.00,0.00,0,0,0.00,0.00,0,0
1503618607,eth0,0.00,0.00,0.00,0,0,0.00,0.00,0.00,0,0,0.00,0.00,0,0
1503618607,eth1,0.00,0.00,0.00,0,0,0.00,0.00,0.00,0,0,0.00,0.00,0,0
1503618607,s2,0.00,0.00,0.00,0,0,0.00,0.00,0.00,0,0,0.00,0.00,0,0
1503618607,s1-eth2,30562.00,1250564.00,1281126.00,1250564,30562,413.00,826.00,1239.00,826,413,0.00,0.00,0,0
1503618607,s1-eth1,1250564.00,30562.00,1281126.00,30562,1250564,826.00,413.00,1239.00,413,826,0.00,0.00,0,0
1503618607,s3,0.00,0.00,0.00,0,0,0.00,0.00,0.00,0,0,0.00,0.00,0,0
1503618607,lo,0.00,0.00,0.00,0,0,0.00,0.00,0.00,0,0,0.00,0.00,0,0
1503618607,s4,0.00,0.00,0.00,0,0,0.00,0.00,0.00,0,0,0.00,0.00,0,0
1503618607,total,1281126.00,1281126.00,2562252.00,1281126,1281126,1239.00,1239.00,2478.00,1239,1239,0.00,0.00,0,0
1503618608,s5,0.00,0.00,0.00,0,0,0.00,0.00,0.00,0,0,0.00,0.00,0,0
1503618608,s1,0.00,0.00,0.00,0,0,0.00,0.00,0.00,0,0,0.00,0.00,0,0
1503618608,eth0,0.00,0.00,0.00,0,0,0.00,0.00,0.00,0,0,0.00,0.00,0,0
1503618608,eth1,0.00,0.00,0.00,0,0,0.00,0.00,0.00,0,0,0.00,0.00,0,0
1503618608,s2,0.00,0.00,0.00,0,0,0.00,0.00,0.00,0,0,0.00,0.00,0,0
1503618608,s1-eth2,30562.00,1250564.00,1281126.00,1250564,30562,413.00,826.00,1239.00,826,413,0.00,0.00,0,0
1503618608,s1-eth1,1250564.00,30562.00,1281126.00,30562,1250564,826.00,413.00,1239.00,413,826,0.00,0.00,0,0
1503618608,s3,0.00,0.00,0.00,0,0,0.00,0.00,0.00,0,0,0.00,0.00,0,0
1503618608,lo,172.00,172.00,344.00,172,172,3.00,3.00,6.00,3,3,0.00,0.00,0,0
1503618608,s4,0.00,0.00,0.00,0,0,0.00,0.00,0.00,0,0,0.00,0.00,0,0
1503618608,total,1281298.00,1281298.00,2562596.00,1281298,1281298,1242.00,1242.00,2484.00,1242,1242,0.00,0.00,0,0
1503618609,s5,0.00,0.00,0.00,0,0,0.00,0.00,0.00,0,0,0.00,0.00,0,0
1503618609,s1,0.00,0.00,0.00,0,0,0.00,0.00,0.00,0,0,0.00,0.00,0,0
1503618609,eth0,0.00,0.00,0.00,0,0,0.00,0.00,0.00,0,0,0.00,0.00,0,0
1503618609,eth1,0.00,0.00,0.00,0,0,0.00,0.00,0.00,0,0,0.00,0.00,0,0
1503618609,s2,0.00,0.00,0.00,0,0,0.00,0.00,0.00,0,0,0.00,0.00,0,0
1503618609,s1-eth2,30946.00,1249050.00,1279996.00,1249050,30946,415.00,825.00,1240.00,825,415,0.00,0.00,0,0
1503618609,s1-eth1,1249392.00,30530.00,1279922.00,30530,1249392,826.00,413.00,1239.00,413,826,0.00,0.00,0,0
1503618609,s3,0.00,0.00,0.00,0,0,0.00,0.00,0.00,0,0,0.00,0.00,0,0
1503618609,lo,984.00,984.00,1968.00,984,984,15.00,15.00,30.00,15,15,0.00,0.00,0,0
1503618609,s4,0.00,0.00,0.00,0,0,0.00,0.00,0.00,0,0,0.00,0.00,0,0
1503618609,total,1281322.00,1280564.00,2561886.00,1280564,1281322,1256.00,1253.00,2509.00,1253,1256,0.00,0.00,0,0
1503618610,s5,0.00,0.00,0.00,0,0,0.00,0.00,0.00,0,0,0.00,0.00,0,0
1503618610,s1,0.00,0.00,0.00,0,0,0.00,0.00,0.00,0,0,0.00,0.00,0,0
1503618610,eth0,0.00,0.00,0.00,0,0,0.00,0.00,0.00,0,0,0.00,0.00,0,0
1503618610,eth1,0.00,0.00,0.00,0,0,0.00,0.00,0.00,0,0,0.00,0.00,0,0
1503618610,s2,0.00,0.00,0.00,0,0,0.00,0.00,0.00,0,0,0.00,0.00,0,0
1503618610,s1-eth2,30562.00,1250606.00,1281168.00,1250606,30562,413.00,827.00,1240.00,827,413,0.00,0.00,0,0
1503618610,s1-eth1,1250606.00,30562.00,1281168.00,30562,1250606,827.00,413.00,1240.00,413,827,0.00,0.00,0,0
1503618610,s3,0.00,0.00,0.00,0,0,0.00,0.00,0.00,0,0,0.00,0.00,0,0
1503618610,lo,0.00,0.00,0.00,0,0,0.00,0.00,0.00,0,0,0.00,0.00,0,0
1503618610,s4,0.00,0.00,0.00,0,0,0.00,0.00,0.00,0,0,0.00,0.00,0,0
1503618610,total,1281168.00,1281168.00,2562336.00,1281168,1281168,1240.00,1240.00,2480.00,1240,1240,0.00,0.00,0,0
1503618611,s5,0.00,0.00,0.00,0,0,0.00,0.00,0.00,0,0,0.00,0.00,0,0
1503618611,s1,0.00,0.00,0.00,0,0,0.00,0.00,0.00,0,0,0.00,0.00,0,0
1503618611,eth0,0.00,0.00,0.00,0,0,0.00,0.00,0.00,0,0,0.00,0.00,0,0
1503618611,eth1,0.00,0.00,0.00,0,0,0.00,0.00,0.00,0,0,0.00,0.00,0,0
1503618611,s2,0.00,0.00,0.00,0,0,0.00,0.00,0.00,0,0,0.00,0.00,0,0
1503618611,s1-eth2,30414.00,1244508.00,1274922.00,1244508,30414,411.00,822.00,1233.00,822,411,0.00,0.00,0,0
1503618611,s1-eth1,1242994.00,30414.00,1273408.00,30414,1242994,821.00,411.00,1232.00,411,821,0.00,0.00,0,0
1503618611,s3,0.00,0.00,0.00,0,0,0.00,0.00,0.00,0,0,0.00,0.00,0,0
1503618611,lo,0.00,0.00,0.00,0,0,0.00,0.00,0.00,0,0,0.00,0.00,0,0
1503618611,s4,0.00,0.00,0.00,0,0,0.00,0.00,0.00,0,0,0.00,0.00,0,0
1503618611,total,1273408.00,1274922.00,2548330.00,1274922,1273408,1232.00,1233.00,2465.00,1233,1232,0.00,0.00,0,0
1503618612,s5,0.00,0.00,0.00,0,0,0.00,0.00,0.00,0,0,0.00,0.00,0,0
1503618612,s1,0.00,0.00,0.00,0,0,0.00,0.00,0.00,0,0,0.00,0.00,0,0
1503618612,eth0,0.00,0.00,0.00,0,0,0.00,0.00,0.00,0,0,0.00,0.00,0,0
1503618612,eth1,0.00,0.00,0.00,0,0,0.00,0.00,0.00,0,0,0.00,0.00,0,0
1503618612,s2,0.00,0.00,0.00,0,0,0.00,0.00,0.00,0,0,0.00,0.00,0,0
1503618612,s1-eth2,30488.00,1250564.00,1281052.00,1250564,30488,412.00,826.00,1238.00,826,412,0.00,0.00,0,0
1503618612,s1-eth1,1250564.00,30562.00,1281126.00,30562,1250564,826.00,413.00,1239.00,413,826,0.00,0.00,0,0
1503618612,s3,0.00,0.00,0.00,0,0,0.00,0.00,0.00,0,0,0.00,0.00,0,0
1503618612,lo,0.00,0.00,0.00,0,0,0.00,0.00,0.00,0,0,0.00,0.00,0,0
1503618612,s4,0.00,0.00,0.00,0,0,0.00,0.00,0.00,0,0,0.00,0.00,0,0
1503618612,total,1281052.00,1281126.00,2562178.00,1281126,1281052,1238.00,1239.00,2477.00,1239,1238,0.00,0.00,0,0
1503618613,s5,0.00,0.00,0.00,0,0,0.00,0.00,0.00,0,0,0.00,0.00,0,0
1503618613,s1,0.00,0.00,0.00,0,0,0.00,0.00,0.00,0,0,0.00,0.00,0,0
1503618613,eth0,0.00,0.00,0.00,0,0,0.00,0.00,0.00,0,0,0.00,0.00,0,0
1503618613,eth1,0.00,0.00,0.00,0,0,0.00,0.00,0.00,0,0,0.00,0.00,0,0
1503618613,s2,0.00,0.00,0.00,0,0,0.00,0.00,0.00,0,0,0.00,0.00,0,0
1503618613,s1-eth2,30562.00,1250564.00,1281126.00,1250564,30562,413.00,826.00,1239.00,826,413,0.00,0.00,0,0
1503618613,s1-eth1,1250564.00,30562.00,1281126.00,30562,1250564,826.00,413.00,1239.00,413,826,0.00,0.00,0,0
1503618613,s3,0.00,0.00,0.00,0,0,0.00,0.00,0.00,0,0,0.00,0.00,0,0
1503618613,lo,0.00,0.00,0.00,0,0,0.00,0.00,0.00,0,0,0.00,0.00,0,0
1503618613,s4,0.00,0.00,0.00,0,0,0.00,0.00,0.00,0,0,0.00,0.00,0,0
1503618613,total,1281126.00,1281126.00,2562252.00,1281126,1281126,1239.00,1239.00,2478.00,1239,1239,0.00,0.00,0,0
1503618614,s5,0.00,0.00,0.00,0,0,0.00,0.00,0.00,0,0,0.00,0.00,0,0
1503618614,s1,0.00,0.00,0.00,0,0,0.00,0.00,0.00,0,0,0.00,0.00,0,0
1503618614,eth0,0.00,0.00,0.00,0,0,0.00,0.00,0.00,0,0,0.00,0.00,0,0
1503618614,eth1,0.00,0.00,0.00,0,0,0.00,0.00,0.00,0,0,0.00,0.00,0,0
1503618614,s2,0.00,0.00,0.00,0,0,0.00,0.00,0.00,0,0,0.00,0.00,0,0
1503618614,s1-eth2,30562.00,1250564.00,1281126.00,1250564,30562,413.00,826.00,1239.00,826,413,0.00,0.00,0,0
1503618614,s1-eth1,1250564.00,30562.00,1281126.00,30562,1250564,826.00,413.00,1239.00,413,826,0.00,0.00,0,0
1503618614,s3,0.00,0.00,0.00,0,0,0.00,0.00,0.00,0,0,0.00,0.00,0,0
1503618614,lo,860.00,860.00,1720.00,860,860,15.00,15.00,30.00,15,15,0.00,0.00,0,0
1503618614,s4,0.00,0.00,0.00,0,0,0.00,0.00,0.00,0,0,0.00,0.00,0,0
1503618614,total,1281986.00,1281986.00,2563972.00,1281986,1281986,1254.00,1254.00,2508.00,1254,1254,0.00,0.00,0,0
1503618615,s5,0.00,0.00,0.00,0,0,0.00,0.00,0.00,0,0,0.00,0.00,0,0
1503618615,s1,0.00,0.00,0.00,0,0,0.00,0.00,0.00,0,0,0.00,0.00,0,0
1503618615,eth0,0.00,0.00,0.00,0,0,0.00,0.00,0.00,0,0,0.00,0.00,0,0
1503618615,eth1,0.00,0.00,0.00,0,0,0.00,0.00,0.00,0,0,0.00,0.00,0,0
1503618615,s2,0.00,0.00,0.00,0,0,0.00,0.00,0.00,0,0,0.00,0.00,0,0
1503618615,s1-eth2,30562.00,1250564.00,1281126.00,1250564,30562,413.00,826.00,1239.00,826,413,0.00,0.00,0,0
1503618615,s1-eth1,1250564.00,30562.00,1281126.00,30562,1250564,826.00,413.00,1239.00,413,826,0.00,0.00,0,0
1503618615,s3,0.00,0.00,0.00,0,0,0.00,0.00,0.00,0,0,0.00,0.00,0,0
1503618615,lo,0.00,0.00,0.00,0,0,0.00,0.00,0.00,0,0,0.00,0.00,0,0
1503618615,s4,0.00,0.00,0.00,0,0,0.00,0.00,0.00,0,0,0.00,0.00,0,0
1503618615,total,1281126.00,1281126.00,2562252.00,1281126,1281126,1239.00,1239.00,2478.00,1239,1239,0.00,0.00,0,0
1503618616,s5,0.00,0.00,0.00,0,0,0.00,0.00,0.00,0,0,0.00,0.00,0,0
1503618616,s1,0.00,0.00,0.00,0,0,0.00,0.00,0.00,0,0,0.00,0.00,0,0
1503618616,eth0,0.00,0.00,0.00,0,0,0.00,0.00,0.00,0,0,0.00,0.00,0,0
1503618616,eth1,0.00,0.00,0.00,0,0,0.00,0.00,0.00,0,0,0.00,0.00,0,0
1503618616,s2,0.00,0.00,0.00,0,0,0.00,0.00,0.00,0,0,0.00,0.00,0,0
1503618616,s1-eth2,30414.00,1242994.00,1273408.00,1242994,30414,411.00,821.00,1232.00,821,411,0.00,0.00,0,0
1503618616,s1-eth1,1242994.00,30340.00,1273334.00,30340,1242994,821.00,410.00,1231.00,410,821,0.00,0.00,0,0
1503618616,s3,0.00,0.00,0.00,0,0,0.00,0.00,0.00,0,0,0.00,0.00,0,0
1503618616,lo,0.00,0.00,0.00,0,0,0.00,0.00,0.00,0,0,0.00,0.00,0,0
1503618616,s4,0.00,0.00,0.00,0,0,0.00,0.00,0.00,0,0,0.00,0.00,0,0
1503618616,total,1273408.00,1273334.00,2546742.00,1273334,1273408,1232.00,1231.00,2463.00,1231,1232,0.00,0.00,0,0
1503618617,s5,0.00,0.00,0.00,0,0,0.00,0.00,0.00,0,0,0.00,0.00,0,0
1503618617,s1,0.00,0.00,0.00,0,0,0.00,0.00,0.00,0,0,0.00,0.00,0,0
1503618617,eth0,0.00,0.00,0.00,0,0,0.00,0.00,0.00,0,0,0.00,0.00,0,0
1503618617,eth1,0.00,0.00,0.00,0,0,0.00,0.00,0.00,0,0,0.00,0.00,0,0
1503618617,s2,0.00,0.00,0.00,0,0,0.00,0.00,0.00,0,0,0.00,0.00,0,0
1503618617,s1-eth2,30562.00,1250564.00,1281126.00,1250564,30562,413.00,826.00,1239.00,826,413,0.00,0.00,0,0
1503618617,s1-eth1,1250564.00,30562.00,1281126.00,30562,1250564,826.00,413.00,1239.00,413,826,0.00,0.00,0,0
1503618617,s3,0.00,0.00,0.00,0,0,0.00,0.00,0.00,0,0,0.00,0.00,0,0
1503618617,lo,0.00,0.00,0.00,0,0,0.00,0.00,0.00,0,0,0.00,0.00,0,0
1503618617,s4,0.00,0.00,0.00,0,0,0.00,0.00,0.00,0,0,0.00,0.00,0,0
1503618617,total,1281126.00,1281126.00,2562252.00,1281126,1281126,1239.00,1239.00,2478.00,1239,1239,0.00,0.00,0,0
1503618618,s5,0.00,0.00,0.00,0,0,0.00,0.00,0.00,0,0,0.00,0.00,0,0
1503618618,s1,0.00,0.00,0.00,0,0,0.00,0.00,0.00,0,0,0.00,0.00,0,0
1503618618,eth0,87.00,0.00,87.00,0,87,1.00,0.00,1.00,0,1,0.00,0.00,0,0
1503618618,eth1,0.00,0.00,0.00,0,0,0.00,0.00,0.00,0,0,0.00,0.00,0,0
1503618618,s2,0.00,0.00,0.00,0,0,0.00,0.00,0.00,0,0,0.00,0.00,0,0
1503618618,s1-eth2,30562.00,1250564.00,1281126.00,1250564,30562,413.00,826.00,1239.00,826,413,0.00,0.00,0,0
1503618618,s1-eth1,1250564.00,30562.00,1281126.00,30562,1250564,826.00,413.00,1239.00,413,826,0.00,0.00,0,0
1503618618,s3,0.00,0.00,0.00,0,0,0.00,0.00,0.00,0,0,0.00,0.00,0,0
1503618618,lo,0.00,0.00,0.00,0,0,0.00,0.00,0.00,0,0,0.00,0.00,0,0
1503618618,s4,0.00,0.00,0.00,0,0,0.00,0.00,0.00,0,0,0.00,0.00,0,0
1503618618,total,1281213.00,1281126.00,2562339.00,1281126,1281213,1240.00,1239.00,2479.00,1239,1240,0.00,0.00,0,0
1503618619,s5,0.00,0.00,0.00,0,0,0.00,0.00,0.00,0,0,0.00,0.00,0,0
1503618619,s1,0.00,0.00,0.00,0,0,0.00,0.00,0.00,0,0,0.00,0.00,0,0
1503618619,eth0,107.00,0.00,107.00,0,107,1.00,0.00,1.00,0,1,0.00,0.00,0,0
1503618619,eth1,0.00,0.00,0.00,0,0,0.00,0.00,0.00,0,0,0.00,0.00,0,0
1503618619,s2,0.00,0.00,0.00,0,0,0.00,0.00,0.00,0,0,0.00,0.00,0,0
1503618619,s1-eth2,30488.00,1246022.00,1276510.00,1246022,30488,412.00,823.00,1235.00,823,412,0.00,0.00,0,0
1503618619,s1-eth1,1246022.00,30562.00,1276584.00,30562,1246022,823.00,413.00,1236.00,413,823,0.00,0.00,0,0
1503618619,s3,0.00,0.00,0.00,0,0,0.00,0.00,0.00,0,0,0.00,0.00,0,0
1503618619,lo,860.00,860.00,1720.00,860,860,15.00,15.00,30.00,15,15,0.00,0.00,0,0
1503618619,s4,0.00,0.00,0.00,0,0,0.00,0.00,0.00,0,0,0.00,0.00,0,0
1503618619,total,1277477.00,1277444.00,2554921.00,1277444,1277477,1251.00,1251.00,2502.00,1251,1251,0.00,0.00,0,0
1503618620,s5,0.00,0.00,0.00,0,0,0.00,0.00,0.00,0,0,0.00,0.00,0,0
1503618620,s1,0.00,0.00,0.00,0,0,0.00,0.00,0.00,0,0,0.00,0.00,0,0
1503618620,eth0,0.00,0.00,0.00,0,0,0.00,0.00,0.00,0,0,0.00,0.00,0,0
1503618620,eth1,0.00,0.00,0.00,0,0,0.00,0.00,0.00,0,0,0.00,0.00,0,0
1503618620,s2,0.00,0.00,0.00,0,0,0.00,0.00,0.00,0,0,0.00,0.00,0,0
1503618620,s1-eth2,30562.00,1250564.00,1281126.00,1250564,30562,413.00,826.00,1239.00,826,413,0.00,0.00,0,0
1503618620,s1-eth1,1250564.00,30562.00,1281126.00,30562,1250564,826.00,413.00,1239.00,413,826,0.00,0.00,0,0
1503618620,s3,0.00,0.00,0.00,0,0,0.00,0.00,0.00,0,0,0.00,0.00,0,0
1503618620,lo,0.00,0.00,0.00,0,0,0.00,0.00,0.00,0,0,0.00,0.00,0,0
1503618620,s4,0.00,0.00,0.00,0,0,0.00,0.00,0.00,0,0,0.00,0.00,0,0
1503618620,total,1281126.00,1281126.00,2562252.00,1281126,1281126,1239.00,1239.00,2478.00,1239,1239,0.00,0.00,0,0
1503618621,s5,0.00,0.00,0.00,0,0,0.00,0.00,0.00,0,0,0.00,0.00,0,0
1503618621,s1,0.00,0.00,0.00,0,0,0.00,0.00,0.00,0,0,0.00,0.00,0,0
1503618621,eth0,0.00,0.00,0.00,0,0,0.00,0.00,0.00,0,0,0.00,0.00,0,0
1503618621,eth1,0.00,0.00,0.00,0,0,0.00,0.00,0.00,0,0,0.00,0.00,0,0
1503618621,s2,0.00,0.00,0.00,0,0,0.00,0.00,0.00,0,0,0.00,0.00,0,0
1503618621,s1-eth2,30562.00,1247536.00,1278098.00,1247536,30562,413.00,824.00,1237.00,824,413,0.00,0.00,0,0
1503618621,s1-eth1,1249050.00,30488.00,1279538.00,30488,1249050,825.00,412.00,1237.00,412,825,0.00,0.00,0,0
1503618621,s3,0.00,0.00,0.00,0,0,0.00,0.00,0.00,0,0,0.00,0.00,0,0
1503618621,lo,0.00,0.00,0.00,0,0,0.00,0.00,0.00,0,0,0.00,0.00,0,0
1503618621,s4,0.00,0.00,0.00,0,0,0.00,0.00,0.00,0,0,0.00,0.00,0,0
1503618621,total,1279612.00,1278024.00,2557636.00,1278024,1279612,1238.00,1236.00,2474.00,1236,1238,0.00,0.00,0,0
1503618622,s5,0.00,0.00,0.00,0,0,0.00,0.00,0.00,0,0,0.00,0.00,0,0
1503618622,s1,0.00,0.00,0.00,0,0,0.00,0.00,0.00,0,0,0.00,0.00,0,0
1503618622,eth0,608.00,980.00,1588.00,980,608,8.00,8.00,16.00,8,8,0.00,0.00,0,0
1503618622,eth1,0.00,0.00,0.00,0,0,0.00,0.00,0.00,0,0,0.00,0.00,0,0
1503618622,s2,0.00,0.00,0.00,0,0,0.00,0.00,0.00,0,0,0.00,0.00,0,0
1503618622,s1-eth2,30980.00,1242994.00,1273974.00,1242994,30980,414.00,821.00,1235.00,821,414,0.00,0.00,0,0
1503618622,s1-eth1,1242120.00,30340.00,1272460.00,30340,1242120,824.00,410.00,1234.00,410,824,0.00,0.00,0,0
1503618622,s3,0.00,0.00,0.00,0,0,0.00,0.00,0.00,0,0,0.00,0.00,0,0
1503618622,lo,1364.00,1364.00,2728.00,1364,1364,16.00,16.00,32.00,16,16,0.00,0.00,0,0
1503618622,s4,0.00,0.00,0.00,0,0,0.00,0.00,0.00,0,0,0.00,0.00,0,0
1503618622,total,1275072.00,1275678.00,2550750.00,1275678,1275072,1262.00,1255.00,2517.00,1255,1262,0.00,0.00,0,0
1503618623,s5,0.00,0.00,0.00,0,0,0.00,0.00,0.00,0,0,0.00,0.00,0,0
1503618623,s1,0.00,0.00,0.00,0,0,0.00,0.00,0.00,0,0,0.00,0.00,0,0
1503618623,eth0,304.00,490.00,794.00,490,304,4.00,4.00,8.00,4,4,0.00,0.00,0,0
1503618623,eth1,0.00,0.00,0.00,0,0,0.00,0.00,0.00,0,0,0.00,0.00,0,0
1503618623,s2,0.00,0.00,0.00,0,0,0.00,0.00,0.00,0,0,0.00,0.00,0,0
1503618623,s1-eth2,26594.00,1029520.00,1056114.00,1029520,26594,349.00,680.00,1029.00,680,349,0.00,0.00,0,0
1503618623,s1-eth1,1029785.00,25160.00,1054945.00,25160,1029785,689.00,340.00,1029.00,340,689,0.00,0.00,0,0
1503618623,s3,0.00,0.00,0.00,0,0,0.00,0.00,0.00,0,0,0.00,0.00,0,0
1503618623,lo,682.00,682.00,1364.00,682,682,8.00,8.00,16.00,8,8,0.00,0.00,0,0
1503618623,s4,0.00,0.00,0.00,0,0,0.00,0.00,0.00,0,0,0.00,0.00,0,0
1503618623,total,1057365.00,1055852.00,2113217.00,1055852,1057365,1050.00,1032.00,2082.00,1032,1050,0.00,0.00,0,0
1503618624,s5,0.00,0.00,0.00,0,0,0.00,0.00,0.00,0,0,0.00,0.00,0,0
1503618624,s1,0.00,0.00,0.00,0,0,0.00,0.00,0.00,0,0,0.00,0.00,0,0
1503618624,eth0,152.00,245.00,397.00,245,152,2.00,2.00,4.00,2,2,0.00,0.00,0,0
1503618624,eth1,0.00,0.00,0.00,0,0,0.00,0.00,0.00,0,0,0.00,0.00,0,0
1503618624,s2,0.00,0.00,0.00,0,0,0.00,0.00,0.00,0,0,0.00,0.00,0,0
1503618624,s1-eth2,31950.00,1250564.00,1282514.00,1250564,31950,418.00,826.00,1244.00,826,418,0.00,0.00,0,0
1503618624,s1-eth1,1250093.00,30562.00,1280655.00,30562,1250093,829.00,413.00,1242.00,413,829,0.00,0.00,0,0
1503618624,s3,0.00,0.00,0.00,0,0,0.00,0.00,0.00,0,0,0.00,0.00,0,0
1503618624,lo,1201.00,1201.00,2402.00,1201,1201,19.00,19.00,38.00,19,19,0.00,0.00,0,0
1503618624,s4,0.00,0.00,0.00,0,0,0.00,0.00,0.00,0,0,0.00,0.00,0,0
1503618624,total,1283396.00,1282572.00,2565968.00,1282572,1283396,1268.00,1260.00,2528.00,1260,1268,0.00,0.00,0,0
1503618625,s5,0.00,0.00,0.00,0,0,0.00,0.00,0.00,0,0,0.00,0.00,0,0
1503618625,s1,0.00,0.00,0.00,0,0,0.00,0.00,0.00,0,0,0.00,0.00,0,0
1503618625,eth0,0.00,0.00,0.00,0,0,0.00,0.00,0.00,0,0,0.00,0.00,0,0
1503618625,eth1,0.00,0.00,0.00,0,0,0.00,0.00,0.00,0,0,0.00,0.00,0,0
1503618625,s2,0.00,0.00,0.00,0,0,0.00,0.00,0.00,0,0,0.00,0.00,0,0
1503618625,s1-eth2,30741.00,1246022.00,1276763.00,1246022,30741,412.00,823.00,1235.00,823,412,0.00,0.00,0,0
1503618625,s1-eth1,1246349.00,30414.00,1276763.00,30414,1246349,824.00,411.00,1235.00,411,824,0.00,0.00,0,0
1503618625,s3,0.00,0.00,0.00,0,0,0.00,0.00,0.00,0,0,0.00,0.00,0,0
1503618625,lo,0.00,0.00,0.00,0,0,0.00,0.00,0.00,0,0,0.00,0.00,0,0
1503618625,s4,0.00,0.00,0.00,0,0,0.00,0.00,0.00,0,0,0.00,0.00,0,0
1503618625,total,1277090.00,1276436.00,2553526.00,1276436,1277090,1236.00,1234.00,2470.00,1234,1236,0.00,0.00,0,0
1503618626,s5,0.00,0.00,0.00,0,0,0.00,0.00,0.00,0,0,0.00,0.00,0,0
1503618626,s1,0.00,0.00,0.00,0,0,0.00,0.00,0.00,0,0,0.00,0.00,0,0
1503618626,eth0,0.00,0.00,0.00,0,0,0.00,0.00,0.00,0,0,0.00,0.00,0,0
1503618626,eth1,0.00,0.00,0.00,0,0,0.00,0.00,0.00,0,0,0.00,0.00,0,0
1503618626,s2,0.00,0.00,0.00,0,0,0.00,0.00,0.00,0,0,0.00,0.00,0,0
1503618626,s1-eth2,30447.00,1244508.00,1274955.00,1244508,30447,411.00,822.00,1233.00,822,411,0.00,0.00,0,0
1503618626,s1-eth1,1243368.00,30414.00,1273782.00,30414,1243368,823.00,411.00,1234.00,411,823,0.00,0.00,0,0
1503618626,s3,0.00,0.00,0.00,0,0,0.00,0.00,0.00,0,0,0.00,0.00,0,0
1503618626,lo,0.00,0.00,0.00,0,0,0.00,0.00,0.00,0,0,0.00,0.00,0,0
1503618626,s4,0.00,0.00,0.00,0,0,0.00,0.00,0.00,0,0,0.00,0.00,0,0
1503618626,total,1273815.00,1274922.00,2548737.00,1274922,1273815,1234.00,1233.00,2467.00,1233,1234,0.00,0.00,0,0
1503618627,s5,0.00,0.00,0.00,0,0,0.00,0.00,0.00,0,0,0.00,0.00,0,0
1503618627,s1,0.00,0.00,0.00,0,0,0.00,0.00,0.00,0,0,0.00,0.00,0,0
1503618627,eth0,60.00,60.00,120.00,60,60,1.00,1.00,2.00,1,1,0.00,0.00,0,0
1503618627,eth1,0.00,0.00,0.00,0,0,0.00,0.00,0.00,0,0,0.00,0.00,0,0
1503618627,s2,0.00,0.00,0.00,0,0,0.00,0.00,0.00,0,0,0.00,0.00,0,0
1503618627,s1-eth2,31226.00,1250564.00,1281790.00,1250564,31226,416.00,826.00,1242.00,826,416,0.00,0.00,0,0
1503618627,s1-eth1,1249789.00,30562.00,1280351.00,30562,1249789,828.00,413.00,1241.00,413,828,0.00,0.00,0,0
1503618627,s3,0.00,0.00,0.00,0,0,0.00,0.00,0.00,0,0,0.00,0.00,0,0
1503618627,lo,0.00,0.00,0.00,0,0,0.00,0.00,0.00,0,0,0.00,0.00,0,0
1503618627,s4,0.00,0.00,0.00,0,0,0.00,0.00,0.00,0,0,0.00,0.00,0,0
1503618627,total,1281075.00,1281186.00,2562261.00,1281186,1281075,1245.00,1240.00,2485.00,1240,1245,0.00,0.00,0,0
1503618628,s5,0.00,0.00,0.00,0,0,0.00,0.00,0.00,0,0,0.00,0.00,0,0
1503618628,s1,0.00,0.00,0.00,0,0,0.00,0.00,0.00,0,0,0.00,0.00,0,0
1503618628,eth0,0.00,0.00,0.00,0,0,0.00,0.00,0.00,0,0,0.00,0.00,0,0
1503618628,eth1,0.00,0.00,0.00,0,0,0.00,0.00,0.00,0,0,0.00,0.00,0,0
1503618628,s2,0.00,0.00,0.00,0,0,0.00,0.00,0.00,0,0,0.00,0.00,0,0
1503618628,s1-eth2,30562.00,1250564.00,1281126.00,1250564,30562,413.00,826.00,1239.00,826,413,0.00,0.00,0,0
1503618628,s1-eth1,1250564.00,30488.00,1281052.00,30488,1250564,826.00,412.00,1238.00,412,826,0.00,0.00,0,0
1503618628,s3,0.00,0.00,0.00,0,0,0.00,0.00,0.00,0,0,0.00,0.00,0,0
1503618628,lo,0.00,0.00,0.00,0,0,0.00,0.00,0.00,0,0,0.00,0.00,0,0
1503618628,s4,0.00,0.00,0.00,0,0,0.00,0.00,0.00,0,0,0.00,0.00,0,0
1503618628,total,1281126.00,1281052.00,2562178.00,1281052,1281126,1239.00,1238.00,2477.00,1238,1239,0.00,0.00,0,0
1503618629,s5,0.00,0.00,0.00,0,0,0.00,0.00,0.00,0,0,0.00,0.00,0,0
1503618629,s1,0.00,0.00,0.00,0,0,0.00,0.00,0.00,0,0,0.00,0.00,0,0
1503618629,eth0,0.00,0.00,0.00,0,0,0.00,0.00,0.00,0,0,0.00,0.00,0,0
1503618629,eth1,0.00,0.00,0.00,0,0,0.00,0.00,0.00,0,0,0.00,0.00,0,0
1503618629,s2,0.00,0.00,0.00,0,0,0.00,0.00,0.00,0,0,0.00,0.00,0,0
1503618629,s1-eth2,30562.00,1250564.00,1281126.00,1250564,30562,413.00,826.00,1239.00,826,413,0.00,0.00,0,0
1503618629,s1-eth1,1250564.00,30562.00,1281126.00,30562,1250564,826.00,413.00,1239.00,413,826,0.00,0.00,0,0
1503618629,s3,0.00,0.00,0.00,0,0,0.00,0.00,0.00,0,0,0.00,0.00,0,0
1503618629,lo,860.00,860.00,1720.00,860,860,15.00,15.00,30.00,15,15,0.00,0.00,0,0
1503618629,s4,0.00,0.00,0.00,0,0,0.00,0.00,0.00,0,0,0.00,0.00,0,0
1503618629,total,1281986.00,1281986.00,2563972.00,1281986,1281986,1254.00,1254.00,2508.00,1254,1254,0.00,0.00,0,0
1503618630,s5,0.00,0.00,0.00,0,0,0.00,0.00,0.00,0,0,0.00,0.00,0,0
1503618630,s1,0.00,0.00,0.00,0,0,0.00,0.00,0.00,0,0,0.00,0.00,0,0
1503618630,eth0,0.00,0.00,0.00,0,0,0.00,0.00,0.00,0,0,0.00,0.00,0,0
1503618630,eth1,0.00,0.00,0.00,0,0,0.00,0.00,0.00,0,0,0.00,0.00,0,0
1503618630,s2,0.00,0.00,0.00,0,0,0.00,0.00,0.00,0,0,0.00,0.00,0,0
1503618630,s1-eth2,31011.00,1249050.00,1280061.00,1249050,31011,415.00,825.00,1240.00,825,415,0.00,0.00,0,0
1503618630,s1-eth1,1250671.00,30562.00,1281233.00,30562,1250671,827.00,413.00,1240.00,413,827,0.00,0.00,0,0
1503618630,s3,0.00,0.00,0.00,0,0,0.00,0.00,0.00,0,0,0.00,0.00,0,0
1503618630,lo,0.00,0.00,0.00,0,0,0.00,0.00,0.00,0,0,0.00,0.00,0,0
1503618630,s4,0.00,0.00,0.00,0,0,0.00,0.00,0.00,0,0,0.00,0.00,0,0
1503618630,total,1281682.00,1279612.00,2561294.00,1279612,1281682,1242.00,1238.00,2480.00,1238,1242,0.00,0.00,0,0
1503618631,s5,0.00,0.00,0.00,0,0,0.00,0.00,0.00,0,0,0.00,0.00,0,0
1503618631,s1,0.00,0.00,0.00,0,0,0.00,0.00,0.00,0,0,0.00,0.00,0,0
1503618631,eth0,0.00,0.00,0.00,0,0,0.00,0.00,0.00,0,0,0.00,0.00,0,0
1503618631,eth1,0.00,0.00,0.00,0,0,0.00,0.00,0.00,0,0,0.00,0.00,0,0
1503618631,s2,0.00,0.00,0.00,0,0,0.00,0.00,0.00,0,0,0.00,0.00,0,0
1503618631,s1-eth2,30632.00,1250564.00,1281196.00,1250564,30632,414.00,826.00,1240.00,826,414,0.00,0.00,0,0
1503618631,s1-eth1,1250634.00,30562.00,1281196.00,30562,1250634,827.00,413.00,1240.00,413,827,0.00,0.00,0,0
1503618631,s3,0.00,0.00,0.00,0,0,0.00,0.00,0.00,0,0,0.00,0.00,0,0
1503618631,lo,0.00,0.00,0.00,0,0,0.00,0.00,0.00,0,0,0.00,0.00,0,0
1503618631,s4,0.00,0.00,0.00,0,0,0.00,0.00,0.00,0,0,0.00,0.00,0,0
1503618631,total,1281266.00,1281126.00,2562392.00,1281126,1281266,1241.00,1239.00,2480.00,1239,1241,0.00,0.00,0,0
1503618632,s5,0.00,0.00,0.00,0,0,0.00,0.00,0.00,0,0,0.00,0.00,0,0
1503618632,s1,0.00,0.00,0.00,0,0,0.00,0.00,0.00,0,0,0.00,0.00,0,0
1503618632,eth0,0.00,0.00,0.00,0,0,0.00,0.00,0.00,0,0,0.00,0.00,0,0
1503618632,eth1,0.00,0.00,0.00,0,0,0.00,0.00,0.00,0,0,0.00,0.00,0,0
1503618632,s2,0.00,0.00,0.00,0,0,0.00,0.00,0.00,0,0,0.00,0.00,0,0
1503618632,s1-eth2,30562.00,1250564.00,1281126.00,1250564,30562,413.00,826.00,1239.00,826,413,0.00,0.00,0,0
1503618632,s1-eth1,1249050.00,30562.00,1279612.00,30562,1249050,825.00,413.00,1238.00,413,825,0.00,0.00,0,0
1503618632,s3,0.00,0.00,0.00,0,0,0.00,0.00,0.00,0,0,0.00,0.00,0,0
1503618632,lo,0.00,0.00,0.00,0,0,0.00,0.00,0.00,0,0,0.00,0.00,0,0
1503618632,s4,0.00,0.00,0.00,0,0,0.00,0.00,0.00,0,0,0.00,0.00,0,0
1503618632,total,1279612.00,1281126.00,2560738.00,1281126,1279612,1238.00,1239.00,2477.00,1239,1238,0.00,0.00,0,0
1503618633,s5,0.00,0.00,0.00,0,0,0.00,0.00,0.00,0,0,0.00,0.00,0,0
1503618633,s1,0.00,0.00,0.00,0,0,0.00,0.00,0.00,0,0,0.00,0.00,0,0
1503618633,eth0,0.00,0.00,0.00,0,0,0.00,0.00,0.00,0,0,0.00,0.00,0,0
1503618633,eth1,0.00,0.00,0.00,0,0,0.00,0.00,0.00,0,0,0.00,0.00,0,0
1503618633,s2,0.00,0.00,0.00,0,0,0.00,0.00,0.00,0,0,0.00,0.00,0,0
1503618633,s1-eth2,30427.15,1249578.88,1280006.00,1252078,30488,411.18,825.35,1236.53,827,412,0.00,0.00,0,0
1503618633,s1-eth1,1249578.88,30501.00,1280079.88,30562,1252078,825.35,412.18,1237.52,413,827,0.00,0.00,0,0
1503618633,s3,0.00,0.00,0.00,0,0,0.00,0.00,0.00,0,0,0.00,0.00,0,0
1503618633,lo,858.28,858.28,1716.57,860,860,14.97,14.97,29.94,15,15,0.00,0.00,0,0
1503618633,s4,0.00,0.00,0.00,0,0,0.00,0.00,0.00,0,0,0.00,0.00,0,0
1503618633,total,1280864.25,1280938.12,2561802.50,1283500,1283426,1251.50,1252.50,2503.99,1255,1254,0.00,0.00,0,0
1503618634,s5,0.00,0.00,0.00,0,0,0.00,0.00,0.00,0,0,0.00,0.00,0,0
1503618634,s1,0.00,0.00,0.00,0,0,0.00,0.00,0.00,0,0,0.00,0.00,0,0
1503618634,eth0,0.00,0.00,0.00,0,0,0.00,0.00,0.00,0,0,0.00,0.00,0,0
1503618634,eth1,0.00,0.00,0.00,0,0,0.00,0.00,0.00,0,0,0.00,0.00,0,0
1503618634,s2,0.00,0.00,0.00,0,0,0.00,0.00,0.00,0,0,0.00,0.00,0,0
1503618634,s1-eth2,20214.00,797248.00,817462.00,797248,20214,273.00,530.00,803.00,530,273,0.00,0.00,0,0
1503618634,s1-eth1,812730.00,20140.00,832870.00,20140,812730,541.00,272.00,813.00,272,541,0.00,0.00,0,0
1503618634,s3,0.00,0.00,0.00,0,0,0.00,0.00,0.00,0,0,0.00,0.00,0,0
1503618634,lo,0.00,0.00,0.00,0,0,0.00,0.00,0.00,0,0,0.00,0.00,0,0
1503618634,s4,0.00,0.00,0.00,0,0,0.00,0.00,0.00,0,0,0.00,0.00,0,0
1503618634,total,832944.00,817388.00,1650332.00,817388,832944,814.00,802.00,1616.00,802,814,0.00,0.00,0,0
1503618635,s5,0.00,0.00,0.00,0,0,0.00,0.00,0.00,0,0,0.00,0.00,0,0
1503618635,s1,0.00,0.00,0.00,0,0,0.00,0.00,0.00,0,0,0.00,0.00,0,0
1503618635,eth0,0.00,0.00,0.00,0,0,0.00,0.00,0.00,0,0,0.00,0.00,0,0
1503618635,eth1,0.00,0.00,0.00,0,0,0.00,0.00,0.00,0,0,0.00,0.00,0,0
1503618635,s2,0.00,0.00,0.00,0,0,0.00,0.00,0.00,0,0,0.00,0.00,0,0
1503618635,s1-eth2,0.00,0.00,0.00,0,0,0.00,0.00,0.00,0,0,0.00,0.00,0,0
1503618635,s1-eth1,0.00,0.00,0.00,0,0,0.00,0.00,0.00,0,0,0.00,0.00,0,0
1503618635,s3,0.00,0.00,0.00,0,0,0.00,0.00,0.00,0,0,0.00,0.00,0,0
1503618635,lo,0.00,0.00,0.00,0,0,0.00,0.00,0.00,0,0,0.00,0.00,0,0
1503618635,s4,0.00,0.00,0.00,0,0,0.00,0.00,0.00,0,0,0.00,0.00,0,0
1503618635,total,0.00,0.00,0.00,0,0,0.00,0.00,0.00,0,0,0.00,0.00,0,0
1503618636,s5,0.00,0.00,0.00,0,0,0.00,0.00,0.00,0,0,0.00,0.00,0,0
1503618636,s1,0.00,0.00,0.00,0,0,0.00,0.00,0.00,0,0,0.00,0.00,0,0
1503618636,eth0,0.00,0.00,0.00,0,0,0.00,0.00,0.00,0,0,0.00,0.00,0,0
1503618636,eth1,0.00,0.00,0.00,0,0,0.00,0.00,0.00,0,0,0.00,0.00,0,0
1503618636,s2,0.00,0.00,0.00,0,0,0.00,0.00,0.00,0,0,0.00,0.00,0,0
1503618636,s1-eth2,0.00,0.00,0.00,0,0,0.00,0.00,0.00,0,0,0.00,0.00,0,0
1503618636,s1-eth1,0.00,0.00,0.00,0,0,0.00,0.00,0.00,0,0,0.00,0.00,0,0
1503618636,s3,0.00,0.00,0.00,0,0,0.00,0.00,0.00,0,0,0.00,0.00,0,0
1503618636,lo,0.00,0.00,0.00,0,0,0.00,0.00,0.00,0,0,0.00,0.00,0,0
1503618636,s4,0.00,0.00,0.00,0,0,0.00,0.00,0.00,0,0,0.00,0.00,0,0
1503618636,total,0.00,0.00,0.00,0,0,0.00,0.00,0.00,0,0,0.00,0.00,0,0
1503618637,s5,0.00,0.00,0.00,0,0,0.00,0.00,0.00,0,0,0.00,0.00,0,0
1503618637,s1,0.00,0.00,0.00,0,0,0.00,0.00,0.00,0,0,0.00,0.00,0,0
1503618637,eth0,0.00,0.00,0.00,0,0,0.00,0.00,0.00,0,0,0.00,0.00,0,0
1503618637,eth1,0.00,0.00,0.00,0,0,0.00,0.00,0.00,0,0,0.00,0.00,0,0
1503618637,s2,0.00,0.00,0.00,0,0,0.00,0.00,0.00,0,0,0.00,0.00,0,0
1503618637,s1-eth2,0.00,0.00,0.00,0,0,0.00,0.00,0.00,0,0,0.00,0.00,0,0
1503618637,s1-eth1,0.00,0.00,0.00,0,0,0.00,0.00,0.00,0,0,0.00,0.00,0,0
1503618637,s3,0.00,0.00,0.00,0,0,0.00,0.00,0.00,0,0,0.00,0.00,0,0
1503618637,lo,0.00,0.00,0.00,0,0,0.00,0.00,0.00,0,0,0.00,0.00,0,0
1503618637,s4,0.00,0.00,0.00,0,0,0.00,0.00,0.00,0,0,0.00,0.00,0,0
1503618637,total,0.00,0.00,0.00,0,0,0.00,0.00,0.00,0,0,0.00,0.00,0,0
1503618638,s5,0.00,0.00,0.00,0,0,0.00,0.00,0.00,0,0,0.00,0.00,0,0
1503618638,s1,0.00,0.00,0.00,0,0,0.00,0.00,0.00,0,0,0.00,0.00,0,0
1503618638,eth0,0.00,0.00,0.00,0,0,0.00,0.00,0.00,0,0,0.00,0.00,0,0
1503618638,eth1,0.00,0.00,0.00,0,0,0.00,0.00,0.00,0,0,0.00,0.00,0,0
1503618638,s2,0.00,0.00,0.00,0,0,0.00,0.00,0.00,0,0,0.00,0.00,0,0
1503618638,s1-eth2,107.00,0.00,107.00,0,107,1.00,0.00,1.00,0,1,0.00,0.00,0,0
1503618638,s1-eth1,107.00,0.00,107.00,0,107,1.00,0.00,1.00,0,1,0.00,0.00,0,0
1503618638,s3,0.00,0.00,0.00,0,0,0.00,0.00,0.00,0,0,0.00,0.00,0,0
1503618638,lo,860.00,860.00,1720.00,860,860,15.00,15.00,30.00,15,15,0.00,0.00,0,0
1503618638,s4,0.00,0.00,0.00,0,0,0.00,0.00,0.00,0,0,0.00,0.00,0,0
1503618638,total,1074.00,860.00,1934.00,860,1074,17.00,15.00,32.00,15,17,0.00,0.00,0,0
1503618639,s5,0.00,0.00,0.00,0,0,0.00,0.00,0.00,0,0,0.00,0.00,0,0
1503618639,s1,0.00,0.00,0.00,0,0,0.00,0.00,0.00,0,0,0.00,0.00,0,0
1503618639,eth0,0.00,0.00,0.00,0,0,0.00,0.00,0.00,0,0,0.00,0.00,0,0
1503618639,eth1,0.00,0.00,0.00,0,0,0.00,0.00,0.00,0,0,0.00,0.00,0,0
1503618639,s2,0.00,0.00,0.00,0,0,0.00,0.00,0.00,0,0,0.00,0.00,0,0
1503618639,s1-eth2,341.66,0.00,341.66,0,342,1.00,0.00,1.00,0,1,0.00,0.00,0,0
1503618639,s1-eth1,0.00,0.00,0.00,0,0,0.00,0.00,0.00,0,0,0.00,0.00,0,0
1503618639,s3,0.00,0.00,0.00,0,0,0.00,0.00,0.00,0,0,0.00,0.00,0,0
1503618639,lo,0.00,0.00,0.00,0,0,0.00,0.00,0.00,0,0,0.00,0.00,0,0
1503618639,s4,0.00,0.00,0.00,0,0,0.00,0.00,0.00,0,0,0.00,0.00,0,0
1503618639,total,341.66,0.00,341.66,0,342,1.00,0.00,1.00,0,1,0.00,0.00,0,0
1503618640,s5,0.00,0.00,0.00,0,0,0.00,0.00,0.00,0,0,0.00,0.00,0,0
1503618640,s1,0.00,0.00,0.00,0,0,0.00,0.00,0.00,0,0,0.00,0.00,0,0
1503618640,eth0,0.00,0.00,0.00,0,0,0.00,0.00,0.00,0,0,0.00,0.00,0,0
1503618640,eth1,0.00,0.00,0.00,0,0,0.00,0.00,0.00,0,0,0.00,0.00,0,0
1503618640,s2,0.00,0.00,0.00,0,0,0.00,0.00,0.00,0,0,0.00,0.00,0,0
1503618640,s1-eth2,0.00,0.00,0.00,0,0,0.00,0.00,0.00,0,0,0.00,0.00,0,0
1503618640,s1-eth1,0.00,0.00,0.00,0,0,0.00,0.00,0.00,0,0,0.00,0.00,0,0
1503618640,s3,0.00,0.00,0.00,0,0,0.00,0.00,0.00,0,0,0.00,0.00,0,0
1503618640,lo,0.00,0.00,0.00,0,0,0.00,0.00,0.00,0,0,0.00,0.00,0,0
1503618640,s4,0.00,0.00,0.00,0,0,0.00,0.00,0.00,0,0,0.00,0.00,0,0
1503618640,total,0.00,0.0