1503665387,s1,0.00,0.00,0.00,0,0,0.00,0.00,0.00,0,0,0.00,0.00,0,0
1503665387,eth0,0.00,0.00,0.00,0,0,0.00,0.00,0.00,0,0,0.00,0.00,0,0
1503665387,eth1,0.00,0.00,0.00,0,0,0.00,0.00,0.00,0,0,0.00,0.00,0,0
1503665387,s2,0.00,0.00,0.00,0,0,0.00,0.00,0.00,0,0,0.00,0.00,0,0
1503665387,s1-eth2,0.00,0.00,0.00,0,0,0.00,0.00,0.00,0,0,0.00,0.00,0,0
1503665387,s1-eth1,0.00,0.00,0.00,0,0,0.00,0.00,0.00,0,0,0.00,0.00,0,0
1503665387,s3,0.00,0.00,0.00,0,0,0.00,0.00,0.00,0,0,0.00,0.00,0,0
1503665387,s2-eth2,0.00,0.00,0.00,0,0,0.00,0.00,0.00,0,0,0.00,0.00,0,0
1503665387,s2-eth1,0.00,0.00,0.00,0,0,0.00,0.00,0.00,0,0,0.00,0.00,0,0
1503665387,lo,0.00,0.00,0.00,0,0,0.00,0.00,0.00,0,0,0.00,0.00,0,0
1503665387,s3-eth2,0.00,0.00,0.00,0,0,0.00,0.00,0.00,0,0,0.00,0.00,0,0
1503665387,s3-eth1,0.00,0.00,0.00,0,0,0.00,0.00,0.00,0,0,0.00,0.00,0,0
1503665387,total,0.00,0.00,0.00,0,0,0.00,0.00,0.00,0,0,0.00,0.00,0,0
1503665388,s1,250.00,3337.00,3587.00,3337,250,3.00,21.00,24.00,21,3,0.00,0.00,0,0
1503665388,eth0,0.00,0.00,0.00,0,0,0.00,0.00,0.00,0,0,0.00,0.00,0,0
1503665388,eth1,0.00,0.00,0.00,0,0,0.00,0.00,0.00,0,0,0.00,0.00,0,0
1503665388,s2,250.00,3682.00,3932.00,3682,250,3.00,22.00,25.00,22,3,0.00,0.00,0,0
1503665388,s1-eth2,146012.00,5922987.00,6068999.00,5922987,146012,1963.00,3930.00,5893.00,3930,1963,0.00,0.00,0,0
1503665388,s1-eth1,5923768.00,144686.00,6068454.00,144686,5923768,3935.00,1955.00,5890.00,1955,3935,0.00,0.00,0,0
1503665388,s3,160.00,3227.00,3387.00,3227,160,2.00,20.00,22.00,20,2,0.00,0.00,0,0
1503665388,s2-eth2,147573.00,5923520.00,6071093.00,5923520,147573,1971.00,3924.00,5895.00,3924,1971,0.00,0.00,0,0
1503665388,s2-eth1,5922987.00,146012.00,6068999.00,146012,5922987,3930.00,1963.00,5893.00,1963,3930,0.00,0.00,0,0
1503665388,lo,20362.00,20362.00,40724.00,20362,20362,196.00,196.00,392.00,196,196,0.00,0.00,0,0
1503665388,s3-eth2,149331.00,5918476.00,6067807.00,5918476,149331,1978.00,3912.00,5890.00,3912,1978,0.00,0.00,0,0
1503665388,s3-eth1,5923520.00,147573.00,6071093.00,147573,5923520,3924.00,1971.00,5895.00,1971,3924,0.00,0.00,0,0
1503665388,total,18234212.00,18233862.00,36468076.00,18233862,18234213,17905.00,17914.00,35819.00,17914,17905,0.00,0.00,0,0
1503665389,s1,0.00,1380.00,1380.00,1380,0,0.00,6.00,6.00,6,0,0.00,0.00,0,0
1503665389,eth0,0.00,0.00,0.00,0,0,0.00,0.00,0.00,0,0,0.00,0.00,0,0
1503665389,eth1,0.00,0.00,0.00,0,0,0.00,0.00,0.00,0,0,0.00,0.00,0,0
1503665389,s2,0.00,1380.00,1380.00,1380,0,0.00,6.00,6.00,6,0,0.00,0.00,0,0
1503665389,s1-eth2,140603.00,5725814.00,5866417.00,5725814,140603,1893.00,3787.00,5680.00,3787,1893,0.00,0.00,0,0
1503665389,s1-eth1,5728087.00,140008.00,5868095.00,140008,5728087,3791.00,1892.00,5683.00,1892,3791,0.00,0.00,0,0
1503665389,s3,90.00,1338.00,1428.00,1338,90,1.00,4.00,5.00,4,1,0.00,0.00,0,0
1503665389,s2-eth2,141346.00,5722117.00,5863463.00,5722117,141346,1896.00,3783.00,5679.00,3783,1896,0.00,0.00,0,0
1503665389,s2-eth1,5725814.00,140603.00,5866417.00,140603,5725814,3787.00,1893.00,5680.00,1893,3787,0.00,0.00,0,0
1503665389,lo,5438.00,5438.00,10876.00,5438,5438,52.00,52.00,104.00,52,52,0.00,0.00,0,0
1503665389,s3-eth2,142279.00,5700210.00,5842489.00,5700210,142279,1903.00,3765.00,5668.00,3765,1903,0.00,0.00,0,0
1503665389,s3-eth1,5722117.00,141346.00,5863463.00,141346,5722117,3783.00,1896.00,5679.00,1896,3783,0.00,0.00,0,0
1503665389,total,17605774.00,17579634.00,35185408.00,17579634,17605774,17106.00,17084.00,34190.00,17084,17106,0.00,0.00,0,0
1503665390,s1,0.00,716.00,716.00,716,0,0.00,3.00,3.00,3,0,0.00,0.00,0,0
1503665390,eth0,0.00,0.00,0.00,0,0,0.00,0.00,0.00,0,0,0.00,0.00,0,0
1503665390,eth1,0.00,0.00,0.00,0,0,0.00,0.00,0.00,0,0,0.00,0.00,0,0
1503665390,s2,0.00,716.00,716.00,716,0,0.00,3.00,3.00,3,0,0.00,0.00,0,0
1503665390,s1-eth2,138754.00,5664590.00,5803344.00,5664590,138754,1872.00,3744.00,5616.00,3744,1872,0.00,0.00,0,0
1503665390,s1-eth1,5664964.00,138306.00,5803270.00,138306,5664964,3746.00,1869.00,5615.00,1869,3746,0.00,0.00,0,0
1503665390,s3,0.00,481.00,481.00,481,0,0.00,3.00,3.00,3,0,0.00,0.00,0,0
1503665390,s2-eth2,138787.00,5662702.00,5801489.00,5662702,138787,1872.00,3741.00,5613.00,3741,1872,0.00,0.00,0,0
1503665390,s2-eth1,5664590.00,138754.00,5803344.00,138754,5664590,3744.00,1872.00,5616.00,1872,3744,0.00,0.00,0,0
1503665390,lo,2850.00,2850.00,5700.00,2850,2850,27.00,27.00,54.00,27,27,0.00,0.00,0,0
1503665390,s3-eth2,138639.00,5679014.00,5817653.00,5679014,138639,1870.00,3751.00,5621.00,3751,1870,0.00,0.00,0,0
1503665390,s3-eth1,5662702.00,138787.00,5801489.00,138787,5662702,3741.00,1872.00,5613.00,1872,3741,0.00,0.00,0,0
1503665390,total,17411286.00,17426916.00,34838200.00,17426916,17411286,16872.00,16885.00,33757.00,16885,16872,0.00,0.00,0,0
1503665391,s1,0.00,1238.00,1238.00,1238,0,0.00,7.00,7.00,7,0,0.00,0.00,0,0
1503665391,eth0,0.00,0.00,0.00,0,0,0.00,0.00,0.00,0,0,0.00,0.00,0,0
1503665391,eth1,0.00,0.00,0.00,0,0,0.00,0.00,0.00,0,0,0.00,0.00,0,0
1503665391,s2,0.00,1238.00,1238.00,1238,0,0.00,7.00,7.00,7,0,0.00,0.00,0,0
1503665391,s1-eth2,150835.00,6163148.00,6313983.00,6163148,150835,2035.00,4076.00,6111.00,4076,2035,0.00,0.00,0,0
1503665391,s1-eth1,6161704.00,150586.00,6312290.00,150586,6161704,4076.00,2035.00,6111.00,2035,4076,0.00,0.00,0,0
1503665391,s3,0.00,1131.00,1131.00,1131,0,0.00,6.00,6.00,6,0,0.00,0.00,0,0
1503665391,s2-eth2,151425.00,6165779.00,6317204.00,6165779,151425,2037.00,4076.00,6113.00,4076,2037,0.00,0.00,0,0
1503665391,s2-eth1,6163148.00,150835.00,6313983.00,150835,6163148,4076.00,2035.00,6111.00,2035,4076,0.00,0.00,0,0
1503665391,lo,5748.00,5748.00,11496.00,5748,5748,56.00,56.00,112.00,56,56,0.00,0.00,0,0
1503665391,s3-eth2,152126.00,6166522.00,6318648.00,6166522,152126,2040.00,4073.00,6113.00,4073,2040,0.00,0.00,0,0
1503665391,s3-eth1,6165779.00,151425.00,6317204.00,151425,6165779,4076.00,2037.00,6113.00,2037,4076,0.00,0.00,0,0
1503665391,total,18950764.00,18957650.00,37908416.00,18957650,18950765,18396.00,18408.00,36804.00,18408,18396,0.00,0.00,0,0
1503665392,s1,70.00,552.00,622.00,552,70,1.00,4.00,5.00,4,1,0.00,0.00,0,0
1503665392,eth0,0.00,0.00,0.00,0,0,0.00,0.00,0.00,0,0,0.00,0.00,0,0
1503665392,eth1,0.00,0.00,0.00,0,0,0.00,0.00,0.00,0,0,0.00,0.00,0,0
1503665392,s2,70.00,210.00,280.00,210,70,1.00,3.00,4.00,3,1,0.00,0.00,0,0
1503665392,s1-eth2,151326.00,6189784.00,6341110.00,6189784,151326,2045.00,4092.00,6137.00,4092,2045,0.00,0.00,0,0
1503665392,s1-eth1,6187153.00,151182.00,6338335.00,151182,6187153,4092.00,2043.00,6135.00,2043,4092,0.00,0.00,0,0
1503665392,s3,70.00,210.00,280.00,210,70,1.00,3.00,4.00,3,1,0.00,0.00,0,0
1503665392,s2-eth2,151396.00,6189372.00,6340768.00,6189372,151396,2046.00,4090.00,6136.00,4090,2046,0.00,0.00,0,0
1503665392,s2-eth1,6189784.00,151326.00,6341110.00,151326,6189784,4092.00,2045.00,6137.00,2045,4092,0.00,0.00,0,0
1503665392,lo,3646.00,3646.00,7292.00,3646,3646,41.00,41.00,82.00,41,41,0.00,0.00,0,0
1503665392,s3-eth2,151392.00,6190816.00,6342208.00,6190816,151392,2046.00,4090.00,6136.00,4090,2046,0.00,0.00,0,0
1503665392,s3-eth1,6189372.00,151396.00,6340768.00,151396,6189372,4090.00,2046.00,6136.00,2046,4090,0.00,0.00,0,0
1503665392,total,19024280.00,19028494.00,38052772.00,19028494,19024279,18455.00,18457.00,36912.00,18457,18455,0.00,0.00,0,0
1503665393,s1,0.00,0.00,0.00,0,0,0.00,0.00,0.00,0,0,0.00,0.00,0,0
1503665393,eth0,0.00,0.00,0.00,0,0,0.00,0.00,0.00,0,0,0.00,0.00,0,0
1503665393,eth1,0.00,0.00,0.00,0,0,0.00,0.00,0.00,0,0,0.00,0.00,0,0
1503665393,s2,0.00,342.00,342.00,342,0,0.00,1.00,1.00,1,0,0.00,0.00,0,0
1503665393,s1-eth2,151228.00,6175606.00,6326834.00,6175606,151228,2040.00,4079.00,6119.00,4079,2040,0.00,0.00,0,0
1503665393,s1-eth1,6174434.00,150886.00,6325320.00,150886,6174434,4079.00,2039.00,6118.00,2039,4079,0.00,0.00,0,0
1503665393,s3,0.00,684.00,684.00,684,0,0.00,2.00,2.00,2,0,0.00,0.00,0,0
1503665393,s2-eth2,151570.00,6177120.00,6328690.00,6177120,151570,2041.00,4080.00,6121.00,4080,2041,0.00,0.00,0,0
1503665393,s2-eth1,6175606.00,151228.00,6326834.00,151228,6175606,4079.00,2040.00,6119.00,2040,4079,0.00,0.00,0,0
1503665393,lo,978.00,978.00,1956.00,978,978,9.00,9.00,18.00,9,9,0.00,0.00,0,0
1503665393,s3-eth2,151718.00,6180148.00,6331866.00,6180148,151718,2043.00,4082.00,6125.00,4082,2043,0.00,0.00,0,0
1503665393,s3-eth1,6177120.00,151570.00,6328690.00,151570,6177120,4080.00,2041.00,6121.00,2041,4080,0.00,0.00,0,0
1503665393,total,18982654.00,18988562.00,37971216.00,18988562,18982654,18371.00,18373.00,36744.00,18373,18371,0.00,0.00,0,0
1503665394,s1,0.00,449.00,449.00,449,0,0.00,2.00,2.00,2,0,0.00,0.00,0,0
1503665394,eth0,0.00,0.00,0.00,0,0,0.00,0.00,0.00,0,0,0.00,0.00,0,0
1503665394,eth1,0.00,0.00,0.00,0,0,0.00,0.00,0.00,0,0,0.00,0.00,0,0
1503665394,s2,0.00,449.00,449.00,449,0,0.00,2.00,2.00,2,0,0.00,0.00,0,0
1503665394,s1-eth2,150549.00,6150317.00,6300866.00,6150317,150549,2034.00,4064.00,6098.00,4064,2034,0.00,0.00,0,0
1503665394,s1-eth1,6154966.00,150516.00,6305482.00,150516,6154966,4068.00,2034.00,6102.00,2034,4068,0.00,0.00,0,0
1503665394,s3,0.00,214.00,214.00,214,0,0.00,2.00,2.00,2,0,0.00,0.00,0,0
1503665394,s2-eth2,150656.00,6148696.00,6299352.00,6148696,150656,2035.00,4062.00,6097.00,4062,2035,0.00,0.00,0,0
1503665394,s2-eth1,6150317.00,150549.00,6300866.00,150549,6150317,4064.00,2034.00,6098.00,2034,4064,0.00,0.00,0,0
1503665394,lo,1872.00,1872.00,3744.00,1872,1872,18.00,18.00,36.00,18,18,0.00,0.00,0,0
1503665394,s3-eth2,150508.00,6149868.00,6300376.00,6149868,150508,2033.00,4062.00,6095.00,4062,2033,0.00,0.00,0,0
1503665394,s3-eth1,6148696.00,150656.00,6299352.00,150656,6148696,4062.00,2035.00,6097.00,2035,4062,0.00,0.00,0,0
1503665394,total,18907564.00,18903586.00,37811152.00,18903586,18907564,18314.00,18315.00,36629.00,18315,18314,0.00,0.00,0,0
1503665395,s1,0.00,317.00,317.00,317,0,0.00,4.00,4.00,4,0,0.00,0.00,0,0
1503665395,eth0,0.00,0.00,0.00,0,0,0.00,0.00,0.00,0,0,0.00,0.00,0,0
1503665395,eth1,0.00,0.00,0.00,0,0,0.00,0.00,0.00,0,0,0.00,0.00,0,0
1503665395,s2,0.00,317.00,317.00,317,0,0.00,4.00,4.00,4,0,0.00,0.00,0,0
1503665395,s1-eth2,151100.00,6171311.00,6322411.00,6171311,151100,2042.00,4079.00,6121.00,4079,2042,0.00,0.00,0,0
1503665395,s1-eth1,6171381.00,150808.00,6322189.00,150808,6171381,4080.00,2038.00,6118.00,2038,4080,0.00,0.00,0,0
1503665395,s3,0.00,210.00,210.00,210,0,0.00,3.00,3.00,3,0,0.00,0.00,0,0
1503665395,s2-eth2,151170.00,6172755.00,6323925.00,6172755,151170,2043.00,4079.00,6122.00,4079,2043,0.00,0.00,0,0
1503665395,s2-eth1,6171311.00,151100.00,6322411.00,151100,6171311,4079.00,2042.00,6121.00,2042,4079,0.00,0.00,0,0
1503665395,lo,2918.00,2918.00,5836.00,2918,2918,31.00,31.00,62.00,31,31,0.00,0.00,0,0
1503665395,s3-eth2,151277.00,6172578.00,6323855.00,6172578,151277,2044.00,4077.00,6121.00,4077,2044,0.00,0.00,0,0
1503665395,s3-eth1,6172755.00,151170.00,6323925.00,151170,6172755,4079.00,2043.00,6122.00,2043,4079,0.00,0.00,0,0
1503665395,total,18971912.00,18973484.00,37945396.00,18973484,18971912,18398.00,18400.00,36798.00,18400,18398,0.00,0.00,0,0
1503665396,s1,70.00,552.00,622.00,552,70,1.00,4.00,5.00,4,1,0.00,0.00,0,0
1503665396,eth0,0.00,0.00,0.00,0,0,0.00,0.00,0.00,0,0,0.00,0.00,0,0
1503665396,eth1,0.00,0.00,0.00,0,0,0.00,0.00,0.00,0,0,0.00,0.00,0,0
1503665396,s2,70.00,210.00,280.00,210,70,1.00,3.00,4.00,3,1,0.00,0.00,0,0
1503665396,s1-eth2,148662.00,6089860.00,6238522.00,6089860,148662,2009.00,4026.00,6035.00,4026,2009,0.00,0.00,0,0
1503665396,s1-eth1,6088416.00,148814.00,6237230.00,148814,6088416,4026.00,2011.00,6037.00,2011,4026,0.00,0.00,0,0
1503665396,s3,70.00,210.00,280.00,210,70,1.00,3.00,4.00,3,1,0.00,0.00,0,0
1503665396,s2-eth2,148806.00,6087934.00,6236740.00,6087934,148806,2011.00,4023.00,6034.00,4023,2011,0.00,0.00,0,0
1503665396,s2-eth1,6089860.00,148662.00,6238522.00,148662,6089860,4026.00,2009.00,6035.00,2009,4026,0.00,0.00,0,0
1503665396,lo,3646.00,3646.00,7292.00,3646,3646,41.00,41.00,82.00,41,41,0.00,0.00,0,0
1503665396,s3-eth2,148950.00,6089378.00,6238328.00,6089378,148950,2013.00,4023.00,6036.00,4023,2013,0.00,0.00,0,0
1503665396,s3-eth1,6087934.00,148806.00,6236740.00,148806,6087934,4023.00,2011.00,6034.00,2011,4023,0.00,0.00,0,0
1503665396,total,18716484.00,18718072.00,37434556.00,18718072,18716484,18152.00,18154.00,36306.00,18154,18152,0.00,0.00,0,0
1503665397,s1,0.00,0.00,0.00,0,0,0.00,0.00,0.00,0,0,0.00,0.00,0,0
1503665397,eth0,0.00,0.00,0.00,0,0,0.00,0.00,0.00,0,0,0.00,0.00,0,0
1503665397,eth1,0.00,0.00,0.00,0,0,0.00,0.00,0.00,0,0,0.00,0.00,0,0
1503665397,s2,0.00,0.00,0.00,0,0,0.00,0.00,0.00,0,0,0.00,0.00,0,0
1503665397,s1-eth2,152070.00,6227082.00,6379152.00,6227082,152070,2055.00,4113.00,6168.00,4113,2055,0.00,0.00,0,0
1503665397,s1-eth1,6225568.00,152070.00,6377638.00,152070,6225568,4112.00,2055.00,6167.00,2055,4112,0.00,0.00,0,0
1503665397,s3,0.00,0.00,0.00,0,0,0.00,0.00,0.00,0,0,0.00,0.00,0,0
1503665397,s2-eth2,152070.00,6227082.00,6379152.00,6227082,152070,2055.00,4113.00,6168.00,4113,2055,0.00,0.00,0,0
1503665397,s2-eth1,6227082.00,152070.00,6379152.00,152070,6227082,4113.00,2055.00,6168.00,2055,4113,0.00,0.00,0,0
1503665397,lo,0.00,0.00,0.00,0,0,0.00,0.00,0.00,0,0,0.00,0.00,0,0
1503665397,s3-eth2,151996.00,6227082.00,6379078.00,6227082,151996,2054.00,4113.00,6167.00,4113,2054,0.00,0.00,0,0
1503665397,s3-eth1,6227082.00,152070.00,6379152.00,152070,6227082,4113.00,2055.00,6168.00,2055,4113,0.00,0.00,0,0
1503665397,total,19135868.00,19137456.00,38273324.00,19137456,19135868,18502.00,18504.00,37006.00,18504,18502,0.00,0.00,0,0
1503665398,s1,0.00,0.00,0.00,0,0,0.00,0.00,0.00,0,0,0.00,0.00,0,0
1503665398,eth0,0.00,0.00,0.00,0,0,0.00,0.00,0.00,0,0,0.00,0.00,0,0
1503665398,eth1,0.00,0.00,0.00,0,0,0.00,0.00,0.00,0,0,0.00,0.00,0,0
1503665398,s2,0.00,0.00,0.00,0,0,0.00,0.00,0.00,0,0,0.00,0.00,0,0
1503665398,s1-eth2,151034.00,6175606.00,6326640.00,6175606,151034,2041.00,4079.00,6120.00,4079,2041,0.00,0.00,0,0
1503665398,s1-eth1,6178634.00,151034.00,6329668.00,151034,6178634,4081.00,2041.00,6122.00,2041,4081,0.00,0.00,0,0
1503665398,s3,0.00,0.00,0.00,0,0,0.00,0.00,0.00,0,0,0.00,0.00,0,0
1503665398,s2-eth2,150960.00,6178634.00,6329594.00,6178634,150960,2040.00,4081.00,6121.00,4081,2040,0.00,0.00,0,0
1503665398,s2-eth1,6175606.00,151034.00,6326640.00,151034,6175606,4079.00,2041.00,6120.00,2041,4079,0.00,0.00,0,0
1503665398,lo,0.00,0.00,0.00,0,0,0.00,0.00,0.00,0,0,0.00,0.00,0,0
1503665398,s3-eth2,151034.00,6178634.00,6329668.00,6178634,151034,2041.00,4081.00,6122.00,4081,2041,0.00,0.00,0,0
1503665398,s3-eth1,6178634.00,150960.00,6329594.00,150960,6178634,4081.00,2040.00,6121.00,2040,4081,0.00,0.00,0,0
1503665398,total,18985902.00,18985902.00,37971804.00,18985902,18985902,18363.00,18363.00,36726.00,18363,18363,0.00,0.00,0,0
1503665399,s1,0.00,0.00,0.00,0,0,0.00,0.00,0.00,0,0,0.00,0.00,0,0
1503665399,eth0,0.00,0.00,0.00,0,0,0.00,0.00,0.00,0,0,0.00,0.00,0,0
1503665399,eth1,0.00,0.00,0.00,0,0,0.00,0.00,0.00,0,0,0.00,0.00,0,0
1503665399,s2,0.00,0.00,0.00,0,0,0.00,0.00,0.00,0,0,0.00,0.00,0,0
1503665399,s1-eth2,150146.00,6139270.00,6289416.00,6139270,150146,2029.00,4055.00,6084.00,4055,2029,0.00,0.00,0,0
1503665399,s1-eth1,6137756.00,150072.00,6287828.00,150072,6137756,4054.00,2028.00,6082.00,2028,4054,0.00,0.00,0,0
1503665399,s3,0.00,0.00,0.00,0,0,0.00,0.00,0.00,0,0,0.00,0.00,0,0
1503665399,s2-eth2,150294.00,6137756.00,6288050.00,6137756,150294,2031.00,4054.00,6085.00,4054,2031,0.00,0.00,0,0
1503665399,s2-eth1,6139270.00,150146.00,6289416.00,150146,6139270,4055.00,2029.00,6084.00,2029,4055,0.00,0.00,0,0
1503665399,lo,0.00,0.00,0.00,0,0,0.00,0.00,0.00,0,0,0.00,0.00,0,0
1503665399,s3-eth2,150220.00,6143812.00,6294032.00,6143812,150220,2030.00,4058.00,6088.00,4058,2030,0.00,0.00,0,0
1503665399,s3-eth1,6137756.00,150294.00,6288050.00,150294,6137756,4054.00,2031.00,6085.00,2031,4054,0.00,0.00,0,0
1503665399,total,18865442.00,18871350.00,37736792.00,18871350,18865442,18253.00,18255.00,36508.00,18255,18253,0.00,0.00,0,0
1503665400,s1,0.00,0.00,0.00,0,0,0.00,0.00,0.00,0,0,0.00,0.00,0,0
1503665400,eth0,0.00,0.00,0.00,0,0,0.00,0.00,0.00,0,0,0.00,0.00,0,0
1503665400,eth1,0.00,0.00,0.00,0,0,0.00,0.00,0.00,0,0,0.00,0.00,0,0
1503665400,s2,0.00,342.00,342.00,342,0,0.00,1.00,1.00,1,0,0.00,0.00,0,0
1503665400,s1-eth2,151894.00,6204372.00,6356266.00,6204372,151894,2049.00,4098.00,6147.00,4098,2049,0.00,0.00,0,0
1503665400,s1-eth1,6204372.00,151552.00,6355924.00,151552,6204372,4098.00,2048.00,6146.00,2048,4098,0.00,0.00,0,0
1503665400,s3,0.00,342.00,342.00,342,0,0.00,1.00,1.00,1,0,0.00,0.00,0,0
1503665400,s2-eth2,151894.00,6204372.00,6356266.00,6204372,151894,2049.00,4098.00,6147.00,4098,2049,0.00,0.00,0,0
1503665400,s2-eth1,6204372.00,151894.00,6356266.00,151894,6204372,4098.00,2049.00,6147.00,2049,4098,0.00,0.00,0,0
1503665400,lo,652.00,652.00,1304.00,652,652,6.00,6.00,12.00,6,6,0.00,0.00,0,0
1503665400,s3-eth2,151894.00,6204372.00,6356266.00,6204372,151894,2049.00,4098.00,6147.00,4098,2049,0.00,0.00,0,0
1503665400,s3-eth1,6204372.00,151894.00,6356266.00,151894,6204372,4098.00,2049.00,6147.00,2049,4098,0.00,0.00,0,0
1503665400,total,19069450.00,19069792.00,38139240.00,19069792,19069450,18447.00,18448.00,36895.00,18448,18447,0.00,0.00,0,0
1503665401,s1,0.00,0.00,0.00,0,0,0.00,0.00,0.00,0,0,0.00,0.00,0,0
1503665401,eth0,0.00,0.00,0.00,0,0,0.00,0.00,0.00,0,0,0.00,0.00,0,0
1503665401,eth1,0.00,0.00,0.00,0,0,0.00,0.00,0.00,0,0,0.00,0.00,0,0
1503665401,s2,0.00,0.00,0.00,0,0,0.00,0.00,0.00,0,0,0.00,0.00,0,0
1503665401,s1-eth2,151922.00,6217998.00,6369920.00,6217998,151922,2053.00,4107.00,6160.00,4107,2053,0.00,0.00,0,0
1503665401,s1-eth1,6217998.00,151922.00,6369920.00,151922,6217998,4107.00,2053.00,6160.00,2053,4107,0.00,0.00,0,0
1503665401,s3,0.00,0.00,0.00,0,0,0.00,0.00,0.00,0,0,0.00,0.00,0,0
1503665401,s2-eth2,151774.00,6219512.00,6371286.00,6219512,151774,2051.00,4108.00,6159.00,4108,2051,0.00,0.00,0,0
1503665401,s2-eth1,6217998.00,151922.00,6369920.00,151922,6217998,4107.00,2053.00,6160.00,2053,4107,0.00,0.00,0,0
1503665401,lo,172.00,172.00,344.00,172,172,3.00,3.00,6.00,3,3,0.00,0.00,0,0
1503665401,s3-eth2,151848.00,6219512.00,6371360.00,6219512,151848,2052.00,4108.00,6160.00,4108,2052,0.00,0.00,0,0
1503665401,s3-eth1,6219512.00,151774.00,6371286.00,151774,6219512,4108.00,2051.00,6159.00,2051,4108,0.00,0.00,0,0
1503665401,total,19111224.00,19112812.00,38224036.00,19112812,19111224,18481.00,18483.00,36964.00,18483,18481,0.00,0.00,0,0
1503665402,s1,0.00,107.00,107.00,107,0,0.00,1.00,1.00,1,0,0.00,0.00,0,0
1503665402,eth0,0.00,0.00,0.00,0,0,0.00,0.00,0.00,0,0,0.00,0.00,0,0
1503665402,eth1,0.00,0.00,0.00,0,0,0.00,0.00,0.00,0,0,0.00,0.00,0,0
1503665402,s2,0.00,107.00,107.00,107,0,0.00,1.00,1.00,1,0,0.00,0.00,0,0
1503665402,s1-eth2,151141.00,6177227.00,6328368.00,6177227,151141,2042.00,4081.00,6123.00,4081,2042,0.00,0.00,0,0
1503665402,s1-eth1,6175820.00,151034.00,6326854.00,151034,6175820,4081.00,2041.00,6122.00,2041,4081,0.00,0.00,0,0
1503665402,s3,0.00,214.00,214.00,214,0,0.00,2.00,2.00,2,0,0.00,0.00,0,0
1503665402,s2-eth2,151322.00,6177120.00,6328442.00,6177120,151322,2044.00,4080.00,6124.00,4080,2044,0.00,0.00,0,0
1503665402,s2-eth1,6177227.00,151141.00,6328368.00,151141,6177227,4081.00,2042.00,6123.00,2042,4081,0.00,0.00,0,0
1503665402,lo,1220.00,1220.00,2440.00,1220,1220,12.00,12.00,24.00,12,12,0.00,0.00,0,0
1503665402,s3-eth2,151248.00,6175606.00,6326854.00,6175606,151248,2043.00,4079.00,6122.00,4079,2043,0.00,0.00,0,0
1503665402,s3-eth1,6177120.00,151322.00,6328442.00,151322,6177120,4080.00,2044.00,6124.00,2044,4080,0.00,0.00,0,0
1503665402,total,18985098.00,18985098.00,37970196.00,18985098,18985098,18383.00,18383.00,36766.00,18383,18383,0.00,0.00,0,0
1503665403,s1,0.00,107.00,107.00,107,0,0.00,1.00,1.00,1,0,0.00,0.00,0,0
1503665403,eth0,0.00,0.00,0.00,0,0,0.00,0.00,0.00,0,0,0.00,0.00,0,0
1503665403,eth1,0.00,0.00,0.00,0,0,0.00,0.00,0.00,0,0,0.00,0.00,0,0
1503665403,s2,0.00,107.00,107.00,107,0,0.00,1.00,1.00,1,0,0.00,0.00,0,0
1503665403,s1-eth2,150664.00,6168143.00,6318807.00,6168143,150664,2036.00,4075.00,6111.00,4075,2036,0.00,0.00,0,0
1503665403,s1-eth1,6168143.00,150590.00,6318733.00,150590,6168143,4075.00,2035.00,6110.00,2035,4075,0.00,0.00,0,0
1503665403,s3,0.00,342.00,342.00,342,0,0.00,1.00,1.00,1,0,0.00,0.00,0,0
1503665403,s2-eth2,150932.00,6168143.00,6319075.00,6168143,150932,2036.00,4075.00,6111.00,4075,2036,0.00,0.00,0,0
1503665403,s2-eth1,6168143.00,150664.00,6318807.00,150664,6168143,4075.00,2036.00,6111.00,2036,4075,0.00,0.00,0,0
1503665403,lo,936.00,936.00,1872.00,936,936,9.00,9.00,18.00,9,9,0.00,0.00,0,0
1503665403,s3-eth2,151113.00,6166522.00,6317635.00,6166522,151113,2038.00,4073.00,6111.00,4073,2038,0.00,0.00,0,0
1503665403,s3-eth1,6168143.00,150932.00,6319075.00,150932,6168143,4075.00,2036.00,6111.00,2036,4075,0.00,0.00,0,0
1503665403,total,18958074.00,18956486.00,37914560.00,18956486,18958074,18344.00,18342.00,36686.00,18342,18344,0.00,0.00,0,0
1503665404,s1,0.00,0.00,0.00,0,0,0.00,0.00,0.00,0,0,0.00,0.00,0,0
1503665404,eth0,0.00,0.00,0.00,0,0,0.00,0.00,0.00,0,0,0.00,0.00,0,0
1503665404,eth1,0.00,0.00,0.00,0,0,0.00,0.00,0.00,0,0,0.00,0.00,0,0
1503665404,s2,0.00,0.00,0.00,0,0,0.00,0.00,0.00,0,0,0.00,0.00,0,0
1503665404,s1-eth2,152366.00,6239194.00,6391560.00,6239194,152366,2059.00,4121.00,6180.00,4121,2059,0.00,0.00,0,0
1503665404,s1-eth1,6238022.00,152514.00,6390536.00,152514,6238022,4121.00,2061.00,6182.00,2061,4121,0.00,0.00,0,0
1503665404,s3,0.00,0.00,0.00,0,0,0.00,0.00,0.00,0,0,0.00,0.00,0,0
1503665404,s2-eth2,152366.00,6237680.00,6390046.00,6237680,152366,2059.00,4120.00,6179.00,4120,2059,0.00,0.00,0,0
1503665404,s2-eth1,6239194.00,152366.00,6391560.00,152366,6239194,4121.00,2059.00,6180.00,2059,4121,0.00,0.00,0,0
1503665404,lo,0.00,0.00,0.00,0,0,0.00,0.00,0.00,0,0,0.00,0.00,0,0
1503665404,s3-eth2,152366.00,6239194.00,6391560.00,6239194,152366,2059.00,4121.00,6180.00,4121,2059,0.00,0.00,0,0
1503665404,s3-eth1,6237680.00,152366.00,6390046.00,152366,6237680,4120.00,2059.00,6179.00,2059,4120,0.00,0.00,0,0
1503665404,total,19171994.00,19173314.00,38345308.00,19173314,19171994,18539.00,18541.00,37080.00,18541,18539,0.00,0.00,0,0
1503665405,s1,0.00,0.00,0.00,0,0,0.00,0.00,0.00,0,0,0.00,0.00,0,0
1503665405,eth0,0.00,0.00,0.00,0,0,0.00,0.00,0.00,0,0,0.00,0.00,0,0
1503665405,eth1,640.00,0.00,640.00,0,640,4.00,0.00,4.00,0,4,0.00,0.00,0,0
1503665405,s2,0.00,0.00,0.00,0,0,0.00,0.00,0.00,0,0,0.00,0.00,0,0
1503665405,s1-eth2,146668.00,5995440.00,6142108.00,5995440,146668,1982.00,3960.00,5942.00,3960,1982,0.00,0.00,0,0
1503665405,s1-eth1,6001496.00,146594.00,6148090.00,146594,6001496,3964.00,1981.00,5945.00,1981,3964,0.00,0.00,0,0
1503665405,s3,0.00,0.00,0.00,0,0,0.00,0.00,0.00,0,0,0.00,0.00,0,0
1503665405,s2-eth2,146668.00,5993926.00,6140594.00,5993926,146668,1982.00,3959.00,5941.00,3959,1982,0.00,0.00,0,0
1503665405,s2-eth1,5995440.00,146668.00,6142108.00,146668,5995440,3960.00,1982.00,5942.00,1982,3960,0.00,0.00,0,0
1503665405,lo,0.00,0.00,0.00,0,0,0.00,0.00,0.00,0,0,0.00,0.00,0,0
1503665405,s3-eth2,146594.00,5984842.00,6131436.00,5984842,146594,1981.00,3953.00,5934.00,3953,1981,0.00,0.00,0,0
1503665405,s3-eth1,5993926.00,146668.00,6140594.00,146668,5993926,3959.00,1982.00,5941.00,1982,3959,0.00,0.00,0,0
1503665405,total,18431432.00,18414138.00,36845568.00,18414138,18431432,17832.00,17817.00,35649.00,17817,17832,0.00,0.00,0,0
1503665406,s1,0.00,0.00,0.00,0,0,0.00,0.00,0.00,0,0,0.00,0.00,0,0
1503665406,eth0,0.00,0.00,0.00,0,0,0.00,0.00,0.00,0,0,0.00,0.00,0,0
1503665406,eth1,250.00,0.00,250.00,0,250,3.00,0.00,3.00,0,3,0.00,0.00,0,0
1503665406,s2,0.00,0.00,0.00,0,0,0.00,0.00,0.00,0,0,0.00,0.00,0,0
1503665406,s1-eth2,150516.00,6155924.00,6306440.00,6155924,150516,2034.00,4066.00,6100.00,4066,2034,0.00,0.00,0,0
1503665406,s1-eth1,6154410.00,150590.00,6305000.00,150590,6154410,4065.00,2035.00,6100.00,2035,4065,0.00,0.00,0,0
1503665406,s3,0.00,0.00,0.00,0,0,0.00,0.00,0.00,0,0,0.00,0.00,0,0
1503665406,s2-eth2,150590.00,6155924.00,6306514.00,6155924,150590,2035.00,4066.00,6101.00,4066,2035,0.00,0.00,0,0
1503665406,s2-eth1,6155924.00,150516.00,6306440.00,150516,6155924,4066.00,2034.00,6100.00,2034,4066,0.00,0.00,0,0
1503665406,lo,0.00,0.00,0.00,0,0,0.00,0.00,0.00,0,0,0.00,0.00,0,0
1503665406,s3-eth2,150664.00,6154410.00,6305074.00,6154410,150664,2036.00,4065.00,6101.00,4065,2036,0.00,0.00,0,0
1503665406,s3-eth1,6155924.00,150590.00,6306514.00,150590,6155924,4066.00,2035.00,6101.00,2035,4066,0.00,0.00,0,0
1503665406,total,18918278.00,18917954.00,37836232.00,18917954,18918278,18305.00,18301.00,36606.00,18301,18305,0.00,0.00,0,0
1503665407,s1,0.00,684.00,684.00,684,0,0.00,2.00,2.00,2,0,0.00,0.00,0,0
1503665407,eth0,0.00,0.00,0.00,0,0,0.00,0.00,0.00,0,0,0.00,0.00,0,0
1503665407,eth1,2198.00,0.00,2198.00,0,2198,9.00,0.00,9.00,0,9,0.00,0.00,0,0
1503665407,s2,0.00,342.00,342.00,342,0,0.00,1.00,1.00,1,0,0.00,0.00,0,0
1503665407,s1-eth2,150960.00,6182346.00,6333306.00,6182346,150960,2040.00,4085.00,6125.00,4085,2040,0.00,0.00,0,0
1503665407,s1-eth1,6182346.00,150886.00,6333232.00,150886,6182346,4085.00,2039.00,6124.00,2039,4085,0.00,0.00,0,0
1503665407,s3,0.00,0.00,0.00,0,0,0.00,0.00,0.00,0,0,0.00,0.00,0,0
1503665407,s2-eth2,150886.00,6185032.00,6335918.00,6185032,150886,2039.00,4086.00,6125.00,4086,2039,0.00,0.00,0,0
1503665407,s2-eth1,6182346.00,150960.00,6333306.00,150960,6182346,4085.00,2040.00,6125.00,2040,4085,0.00,0.00,0,0
1503665407,lo,978.00,978.00,1956.00,978,978,9.00,9.00,18.00,9,9,0.00,0.00,0,0
1503665407,s3-eth2,150812.00,6184690.00,6335502.00,6184690,150812,2038.00,4085.00,6123.00,4085,2038,0.00,0.00,0,0
1503665407,s3-eth1,6185032.00,150886.00,6335918.00,150886,6185032,4086.00,2039.00,6125.00,2039,4086,0.00,0.00,0,0
1503665407,total,19005558.00,19006804.00,38012360.00,19006804,19005558,18391.00,18386.00,36777.00,18386,18391,0.00,0.00,0,0
1503665408,s1,0.00,0.00,0.00,0,0,0.00,0.00,0.00,0,0,0.00,0.00,0,0
1503665408,eth0,0.00,0.00,0.00,0,0,0.00,0.00,0.00,0,0,0.00,0.00,0,0
1503665408,eth1,621.00,0.00,621.00,0,621,3.00,0.00,3.00,0,3,0.00,0.00,0,0
1503665408,s2,0.00,0.00,0.00,0,0,0.00,0.00,0.00,0,0,0.00,0.00,0,0
1503665408,s1-eth2,150886.00,6175606.00,6326492.00,6175606,150886,2039.00,4079.00,6118.00,4079,2039,0.00,0.00,0,0
1503665408,s1-eth1,6175606.00,150960.00,6326566.00,150960,6175606,4079.00,2040.00,6119.00,2040,4079,0.00,0.00,0,0
1503665408,s3,0.00,0.00,0.00,0,0,0.00,0.00,0.00,0,0,0.00,0.00,0,0
1503665408,s2-eth2,150886.00,6177120.00,6328006.00,6177120,150886,2039.00,4080.00,6119.00,4080,2039,0.00,0.00,0,0
1503665408,s2-eth1,6175606.00,150886.00,6326492.00,150886,6175606,4079.00,2039.00,6118.00,2039,4079,0.00,0.00,0,0
1503665408,lo,172.00,172.00,344.00,172,172,3.00,3.00,6.00,3,3,0.00,0.00,0,0
1503665408,s3-eth2,150886.00,6175606.00,6326492.00,6175606,150886,2039.00,4079.00,6118.00,4079,2039,0.00,0.00,0,0
1503665408,s3-eth1,6177120.00,150886.00,6328006.00,150886,6177120,4080.00,2039.00,6119.00,2039,4080,0.00,0.00,0,0
1503665408,total,18981784.00,18981236.00,37963020.00,18981236,18981783,18361.00,18359.00,36720.00,18359,18361,0.00,0.00,0,0
1503665409,s1,0.00,0.00,0.00,0,0,0.00,0.00,0.00,0,0,0.00,0.00,0,0
1503665409,eth0,0.00,0.00,0.00,0,0,0.00,0.00,0.00,0,0,0.00,0.00,0,0
1503665409,eth1,0.00,0.00,0.00,0,0,0.00,0.00,0.00,0,0,0.00,0.00,0,0
1503665409,s2,0.00,0.00,0.00,0,0,0.00,0.00,0.00,0,0,0.00,0.00,0,0
1503665409,s1-eth2,150812.00,6169550.00,6320362.00,6169550,150812,2038.00,4075.00,6113.00,4075,2038,0.00,0.00,0,0
1503665409,s1-eth1,6169550.00,150812.00,6320362.00,150812,6169550,4075.00,2038.00,6113.00,2038,4075,0.00,0.00,0,0
1503665409,s3,0.00,0.00,0.00,0,0,0.00,0.00,0.00,0,0,0.00,0.00,0,0
1503665409,s2-eth2,150812.00,6171064.00,6321876.00,6171064,150812,2038.00,4076.00,6114.00,4076,2038,0.00,0.00,0,0
1503665409,s2-eth1,6171064.00,150812.00,6321876.00,150812,6171064,4076.00,2038.00,6114.00,2038,4076,0.00,0.00,0,0
1503665409,lo,0.00,0.00,0.00,0,0,0.00,0.00,0.00,0,0,0.00,0.00,0,0
1503665409,s3-eth2,150886.00,6171064.00,6321950.00,6171064,150886,2039.00,4076.00,6115.00,4076,2039,0.00,0.00,0,0
1503665409,s3-eth1,6171064.00,150812.00,6321876.00,150812,6171064,4076.00,2038.00,6114.00,2038,4076,0.00,0.00,0,0
1503665409,total,18964188.00,18964114.00,37928304.00,18964114,18964188,18342.00,18341.00,36683.00,18341,18342,0.00,0.00,0,0
1503665410,s1,0.00,0.00,0.00,0,0,0.00,0.00,0.00,0,0,0.00,0.00,0,0
1503665410,eth0,0.00,0.00,0.00,0,0,0.00,0.00,0.00,0,0,0.00,0.00,0,0
1503665410,eth1,444.00,0.00,444.00,0,444,3.00,0.00,3.00,0,3,0.00,0.00,0,0
1503665410,s2,0.00,0.00,0.00,0,0,0.00,0.00,0.00,0,0,0.00,0.00,0,0
1503665410,s1-eth2,150886.00,6175606.00,6326492.00,6175606,150886,2039.00,4079.00,6118.00,4079,2039,0.00,0.00,0,0
1503665410,s1-eth1,6174092.00,150886.00,6324978.00,150886,6174092,4078.00,2039.00,6117.00,2039,4078,0.00,0.00,0,0
1503665410,s3,0.00,0.00,0.00,0,0,0.00,0.00,0.00,0,0,0.00,0.00,0,0
1503665410,s2-eth2,150886.00,6174092.00,6324978.00,6174092,150886,2039.00,4078.00,6117.00,4078,2039,0.00,0.00,0,0
1503665410,s2-eth1,6174092.00,150886.00,6324978.00,150886,6174092,4078.00,2039.00,6117.00,2039,4078,0.00,0.00,0,0
1503665410,lo,0.00,0.00,0.00,0,0,0.00,0.00,0.00,0,0,0.00,0.00,0,0
1503665410,s3-eth2,150812.00,6174092.00,6324904.00,6174092,150812,2038.00,4078.00,6116.00,4078,2038,0.00,0.00,0,0
1503665410,s3-eth1,6174092.00,150886.00,6324978.00,150886,6174092,4078.00,2039.00,6117.00,2039,4078,0.00,0.00,0,0
1503665410,total,18975304.00,18976448.00,37951752.00,18976448,18975304,18353.00,18352.00,36705.00,18352,18353,0.00,0.00,0,0
1503665411,s1,0.00,0.00,0.00,0,0,0.00,0.00,0.00,0,0,0.00,0.00,0,0
1503665411,eth0,0.00,0.00,0.00,0,0,0.00,0.00,0.00,0,0,0.00,0.00,0,0
1503665411,eth1,327.00,0.00,327.00,0,327,1.00,0.00,1.00,0,1,0.00,0.00,0,0
1503665411,s2,0.00,0.00,0.00,0,0,0.00,0.00,0.00,0,0,0.00,0.00,0,0
1503665411,s1-eth2,150590.00,6161980.00,6312570.00,6161980,150590,2035.00,4070.00,6105.00,4070,2035,0.00,0.00,0,0
1503665411,s1-eth1,6161980.00,150516.00,6312496.00,150516,6161980,4070.00,2034.00,6104.00,2034,4070,0.00,0.00,0,0
1503665411,s3,0.00,0.00,0.00,0,0,0.00,0.00,0.00,0,0,0.00,0.00,0,0
1503665411,s2-eth2,150590.00,6161980.00,6312570.00,6161980,150590,2035.00,4070.00,6105.00,4070,2035,0.00,0.00,0,0
1503665411,s2-eth1,6161980.00,150590.00,6312570.00,150590,6161980,4070.00,2035.00,6105.00,2035,4070,0.00,0.00,0,0
1503665411,lo,0.00,0.00,0.00,0,0,0.00,0.00,0.00,0,0,0.00,0.00,0,0
1503665411,s3-eth2,150590.00,6163494.00,6314084.00,6163494,150590,2035.00,4071.00,6106.00,4071,2035,0.00,0.00,0,0
1503665411,s3-eth1,6161980.00,150590.00,6312570.00,150590,6161980,4070.00,2035.00,6105.00,2035,4070,0.00,0.00,0,0
1503665411,total,18938036.00,18939150.00,37877188.00,18939150,18938037,18316.00,18315.00,36631.00,18315,18316,0.00,0.00,0,0
1503665412,s1,0.00,0.00,0.00,0,0,0.00,0.00,0.00,0,0,0.00,0.00,0,0
1503665412,eth0,0.00,0.00,0.00,0,0,0.00,0.00,0.00,0,0,0.00,0.00,0,0
1503665412,eth1,342.00,0.00,342.00,0,342,1.00,0.00,1.00,0,1,0.00,0.00,0,0
1503665412,s2,0.00,0.00,0.00,0,0,0.00,0.00,0.00,0,0,0.00,0.00,0,0
1503665412,s1-eth2,151256.00,6190746.00,6342002.00,6190746,151256,2044.00,4089.00,6133.00,4089,2044,0.00,0.00,0,0
1503665412,s1-eth1,6190746.00,151330.00,6342076.00,151330,6190746,4089.00,2045.00,6134.00,2045,4089,0.00,0.00,0,0
1503665412,s3,0.00,0.00,0.00,0,0,0.00,0.00,0.00,0,0,0.00,0.00,0,0
1503665412,s2-eth2,151330.00,6192260.00,6343590.00,6192260,151330,2045.00,4090.00,6135.00,4090,2045,0.00,0.00,0,0
1503665412,s2-eth1,6190746.00,151256.00,6342002.00,151256,6190746,4089.00,2044.00,6133.00,2044,4089,0.00,0.00,0,0
1503665412,lo,344.00,344.00,688.00,344,344,6.00,6.00,12.00,6,6,0.00,0.00,0,0
1503665412,s3-eth2,151330.00,6190746.00,6342076.00,6190746,151330,2045.00,4089.00,6134.00,4089,2045,0.00,0.00,0,0
1503665412,s3-eth1,6192260.00,151330.00,6343590.00,151330,6192260,4090.00,2045.00,6135.00,2045,4090,0.00,0.00,0,0
1503665412,total,19028354.00,19028012.00,38056368.00,19028012,19028354,18409.00,18408.00,36817.00,18408,18409,0.00,0.00,0,0
1503665413,s1,0.00,0.00,0.00,0,0,0.00,0.00,0.00,0,0,0.00,0.00,0,0
1503665413,eth0,0.00,0.00,0.00,0,0,0.00,0.00,0.00,0,0,0.00,0.00,0,0
1503665413,eth1,0.00,0.00,0.00,0,0,0.00,0.00,0.00,0,0,0.00,0.00,0,0
1503665413,s2,0.00,342.00,342.00,342,0,0.00,1.00,1.00,1,0,0.00,0.00,0,0
1503665413,s1-eth2,149378.00,6098392.00,6247770.00,6098392,149378,2015.00,4028.00,6043.00,4028,2015,0.00,0.00,0,0
1503665413,s1-eth1,6098392.00,149036.00,6247428.00,149036,6098392,4028.00,2014.00,6042.00,2014,4028,0.00,0.00,0,0
1503665413,s3,0.00,342.00,342.00,342,0,0.00,1.00,1.00,1,0,0.00,0.00,0,0
1503665413,s2-eth2,149378.00,6098392.00,6247770.00,6098392,149378,2015.00,4028.00,6043.00,4028,2015,0.00,0.00,0,0
1503665413,s2-eth1,6098392.00,149378.00,6247770.00,149378,6098392,4028.00,2015.00,6043.00,2015,4028,0.00,0.00,0,0
1503665413,lo,824.00,824.00,1648.00,824,824,9.00,9.00,18.00,9,9,0.00,0.00,0,0
1503665413,s3-eth2,149378.00,6099906.00,6249284.00,6099906,149378,2015.00,4029.00,6044.00,4029,2015,0.00,0.00,0,0
1503665413,s3-eth1,6098392.00,149378.00,6247770.00,149378,6098392,4028.00,2015.00,6043.00,2015,4028,0.00,0.00,0,0
1503665413,total,18744134.00,18745990.00,37490124.00,18745990,18744134,18138.00,18140.00,36278.00,18140,18138,0.00,0.00,0,0
1503665414,s1,0.00,0.00,0.00,0,0,0.00,0.00,0.00,0,0,0.00,0.00,0,0
1503665414,eth0,0.00,0.00,0.00,0,0,0.00,0.00,0.00,0,0,0.00,0.00,0,0
1503665414,eth1,177.00,0.00,177.00,0,177,2.00,0.00,2.00,0,2,0.00,0.00,0,0
1503665414,s2,0.00,0.00,0.00,0,0,0.00,0.00,0.00,0,0,0.00,0.00,0,0
1503665414,s1-eth2,142894.00,5842526.00,5985420.00,5842526,142894,1931.00,3859.00,5790.00,3859,1931,0.00,0.00,0,0
1503665414,s1-eth1,5845554.00,142820.00,5988374.00,142820,5845554,3861.00,1930.00,5791.00,1930,3861,0.00,0.00,0,0
1503665414,s3,0.00,0.00,0.00,0,0,0.00,0.00,0.00,0,0,0.00,0.00,0,0
1503665414,s2-eth2,142820.00,5836470.00,5979290.00,5836470,142820,1930.00,3855.00,5785.00,3855,1930,0.00,0.00,0,0
1503665414,s2-eth1,5842526.00,142894.00,5985420.00,142894,5842526,3859.00,1931.00,5790.00,1931,3859,0.00,0.00,0,0
1503665414,lo,0.00,0.00,0.00,0,0,0.00,0.00,0.00,0,0,0.00,0.00,0,0
1503665414,s3-eth2,142820.00,5842526.00,5985346.00,5842526,142820,1930.00,3859.00,5789.00,3859,1930,0.00,0.00,0,0
1503665414,s3-eth1,5836470.00,142820.00,5979290.00,142820,5836470,3855.00,1930.00,5785.00,1930,3855,0.00,0.00,0,0
1503665414,total,17953260.00,17950056.00,35903316.00,17950056,17953261,17368.00,17364.00,34732.00,17364,17368,0.00,0.00,0,0
1503665415,s1,0.00,0.00,0.00,0,0,0.00,0.00,0.00,0,0,0.00,0.00,0,0
1503665415,eth0,0.00,0.00,0.00,0,0,0.00,0.00,0.00,0,0,0.00,0.00,0,0
1503665415,eth1,0.00,0.00,0.00,0,0,0.00,0.00,0.00,0,0,0.00,0.00,0,0
1503665415,s2,0.00,0.00,0.00,0,0,0.00,0.00,0.00,0,0,0.00,0.00,0,0
1503665415,s1-eth2,150960.00,6172578.00,6323538.00,6172578,150960,2040.00,4077.00,6117.00,4077,2040,0.00,0.00,0,0
1503665415,s1-eth1,6169550.00,150960.00,6320510.00,150960,6169550,4075.00,2040.00,6115.00,2040,4075,0.00,0.00,0,0
1503665415,s3,0.00,0.00,0.00,0,0,0.00,0.00,0.00,0,0,0.00,0.00,0,0
1503665415,s2-eth2,150960.00,6172578.00,6323538.00,6172578,150960,2040.00,4077.00,6117.00,4077,2040,0.00,0.00,0,0
1503665415,s2-eth1,6172578.00,150960.00,6323538.00,150960,6172578,4077.00,2040.00,6117.00,2040,4077,0.00,0.00,0,0
1503665415,lo,0.00,0.00,0.00,0,0,0.00,0.00,0.00,0,0,0.00,0.00,0,0
1503665415,s3-eth2,151034.00,6174092.00,6325126.00,6174092,151034,2041.00,4078.00,6119.00,4078,2041,0.00,0.00,0,0
1503665415,s3-eth1,6172578.00,150960.00,6323538.00,150960,6172578,4077.00,2040.00,6117.00,2040,4077,0.00,0.00,0,0
1503665415,total,18967660.00,18972128.00,37939788.00,18972128,18967660,18350.00,18352.00,36702.00,18352,18350,0.00,0.00,0,0
1503665416,s1,0.00,0.00,0.00,0,0,0.00,0.00,0.00,0,0,0.00,0.00,0,0
1503665416,eth0,0.00,0.00,0.00,0,0,0.00,0.00,0.00,0,0,0.00,0.00,0,0
1503665416,eth1,0.00,0.00,0.00,0,0,0.00,0.00,0.00,0,0,0.00,0.00,0,0
1503665416,s2,0.00,0.00,0.00,0,0,0.00,0.00,0.00,0,0,0.00,0.00,0,0
1503665416,s1-eth2,147598.00,6028790.00,6176388.00,6028790,147598,1995.00,3983.00,5978.00,3983,1995,0.00,0.00,0,0
1503665416,s1-eth1,6033332.00,147524.00,6180856.00,147524,6033332,3986.00,1994.00,5980.00,1994,3986,0.00,0.00,0,0
1503665416,s3,0.00,0.00,0.00,0,0,0.00,0.00,0.00,0,0,0.00,0.00,0,0
1503665416,s2-eth2,147672.00,6031818.00,6179490.00,6031818,147672,1996.00,3985.00,5981.00,3985,1996,0.00,0.00,0,0
1503665416,s2-eth1,6028790.00,147598.00,6176388.00,147598,6028790,3983.00,1995.00,5978.00,1995,3983,0.00,0.00,0,0
1503665416,lo,888.00,888.00,1776.00,888,888,9.00,9.00,18.00,9,9,0.00,0.00,0,0
1503665416,s3-eth2,147672.00,6040902.00,6188574.00,6040902,147672,1996.00,3991.00,5987.00,3991,1996,0.00,0.00,0,0
1503665416,s3-eth1,6031818.00,147672.00,6179490.00,147672,6031818,3985.00,1996.00,5981.00,1996,3985,0.00,0.00,0,0
1503665416,total,18537770.00,18545192.00,37082960.00,18545192,18537770,17950.00,17953.00,35903.00,17953,17950,0.00,0.00,0,0
1503665417,s1,0.00,0.00,0.00,0,0,0.00,0.00,0.00,0,0,0.00,0.00,0,0
1503665417,eth0,0.00,0.00,0.00,0,0,0.00,0.00,0.00,0,0,0.00,0.00,0,0
1503665417,eth1,0.00,0.00,0.00,0,0,0.00,0.00,0.00,0,0,0.00,0.00,0,0
1503665417,s2,0.00,0.00,0.00,0,0,0.00,0.00,0.00,0,0,0.00,0.00,0,0
1503665417,s1-eth2,148444.00,6089308.00,6237752.00,6089308,148444,2006.00,4022.00,6028.00,4022,2006,0.00,0.00,0,0
1503665417,s1-eth1,6086280.00,148592.00,6234872.00,148592,6086280,4020.00,2008.00,6028.00,2008,4020,0.00,0.00,0,0
1503665417,s3,0.00,342.00,342.00,342,0,0.00,1.00,1.00,1,0,0.00,0.00,0,0
1503665417,s2-eth2,148786.00,6086280.00,6235066.00,6086280,148786,2007.00,4020.00,6027.00,4020,2007,0.00,0.00,0,0
1503665417,s2-eth1,6089308.00,148444.00,6237752.00,148444,6089308,4022.00,2006.00,6028.00,2006,4022,0.00,0.00,0,0
1503665417,lo,326.00,326.00,652.00,326,326,3.00,3.00,6.00,3,3,0.00,0.00,0,0
1503665417,s3-eth2,148786.00,6087794.00,6236580.00,6087794,148786,2007.00,4021.00,6028.00,4021,2007,0.00,0.00,0,0
1503665417,s3-eth1,6086280.00,148786.00,6235066.00,148786,6086280,4020.00,2007.00,6027.00,2007,4020,0.00,0.00,0,0
1503665417,total,18708210.00,18709872.00,37418080.00,18709872,18708210,18085.00,18088.00,36173.00,18088,18085,0.00,0.00,0,0
1503665418,s1,0.00,107.00,107.00,107,0,0.00,1.00,1.00,1,0,0.00,0.00,0,0
1503665418,eth0,0.00,0.00,0.00,0,0,0.00,0.00,0.00,0,0,0.00,0.00,0,0
1503665418,eth1,0.00,0.00,0.00,0,0,0.00,0.00,0.00,0,0,0.00,0.00,0,0
1503665418,s2,0.00,107.00,107.00,107,0,0.00,1.00,1.00,1,0,0.00,0.00,0,0
1503665418,s1-eth2,142335.00,5821437.00,5963772.00,5821437,142335,1923.00,3846.00,5769.00,3846,1923,0.00,0.00,0,0
1503665418,s1-eth1,5821886.00,142228.00,5964114.00,142228,5821886,3848.00,1922.00,5770.00,1922,3848,0.00,0.00,0,0
1503665418,s3,0.00,214.00,214.00,214,0,0.00,2.00,2.00,2,0,0.00,0.00,0,0
1503665418,s2-eth2,142368.00,5821330.00,5963698.00,5821330,142368,1923.00,3845.00,5768.00,3845,1923,0.00,0.00,0,0
1503665418,s2-eth1,5821437.00,142335.00,5963772.00,142335,5821437,3846.00,1923.00,5769.00,1923,3846,0.00,0.00,0,0
1503665418,lo,1220.00,1220.00,2440.00,1220,1220,12.00,12.00,24.00,12,12,0.00,0.00,0,0
1503665418,s3-eth2,142368.00,5824358.00,5966726.00,5824358,142368,1923.00,3847.00,5770.00,3847,1923,0.00,0.00,0,0
1503665418,s3-eth1,5821330.00,142368.00,5963698.00,142368,5821330,3845.00,1923.00,5768.00,1923,3845,0.00,0.00,0,0
1503665418,total,17892944.00,17895704.00,35788648.00,17895704,17892944,17320.00,17322.00,34642.00,17322,17320,0.00,0.00,0,0
1503665419,s1,0.00,107.00,107.00,107,0,0.00,1.00,1.00,1,0,0.00,0.00,0,0
1503665419,eth0,0.00,0.00,0.00,0,0,0.00,0.00,0.00,0,0,0.00,0.00,0,0
1503665419,eth1,342.00,0.00,342.00,0,342,1.00,0.00,1.00,0,1,0.00,0.00,0,0
1503665419,s2,0.00,107.00,107.00,107,0,0.00,1.00,1.00,1,0,0.00,0.00,0,0
1503665419,s1-eth2,149998.00,6137863.00,6287861.00,6137863,149998,2027.00,4055.00,6082.00,4055,2027,0.00,0.00,0,0
1503665419,s1-eth1,6136349.00,149998.00,6286347.00,149998,6136349,4054.00,2027.00,6081.00,2027,4054,0.00,0.00,0,0
1503665419,s3,0.00,0.00,0.00,0,0,0.00,0.00,0.00,0,0,0.00,0.00,0,0
1503665419,s2-eth2,149998.00,6140891.00,6290889.00,6140891,149998,2027.00,4057.00,6084.00,4057,2027,0.00,0.00,0,0
1503665419,s2-eth1,6137863.00,149998.00,6287861.00,149998,6137863,4055.00,2027.00,6082.00,2027,4055,0.00,0.00,0,0
1503665419,lo,610.00,610.00,1220.00,610,610,6.00,6.00,12.00,6,6,0.00,0.00,0,0
1503665419,s3-eth2,150105.00,6140784.00,6290889.00,6140784,150105,2028.00,4056.00,6084.00,4056,2028,0.00,0.00,0,0
1503665419,s3-eth1,6140891.00,149998.00,6290889.00,149998,6140891,4057.00,2027.00,6084.00,2027,4057,0.00,0.00,0,0
1503665419,total,18866156.00,18870356.00,37736512.00,18870356,18866156,18255.00,18257.00,36512.00,18257,18255,0.00,0.00,0,0
1503665420,s1,0.00,342.00,342.00,342,0,0.00,1.00,1.00,1,0,0.00,0.00,0,0
1503665420,eth0,0.00,0.00,0.00,0,0,0.00,0.00,0.00,0,0,0.00,0.00,0,0
1503665420,eth1,0.00,0.00,0.00,0,0,0.00,0.00,0.00,0,0,0.00,0.00,0,0
1503665420,s2,0.00,0.00,0.00,0,0,0.00,0.00,0.00,0,0,0.00,0.00,0,0
1503665420,s1-eth2,151922.00,6212284.00,6364206.00,6212284,151922,2053.00,4104.00,6157.00,4104,2053,0.00,0.00,0,0
1503665420,s1-eth1,6215312.00,151848.00,6367160.00,151848,6215312,4106.00,2052.00,6158.00,2052,4106,0.00,0.00,0,0
1503665420,s3,0.00,0.00,0.00,0,0,0.00,0.00,0.00,0,0,0.00,0.00,0,0
1503665420,s2-eth2,151922.00,6211942.00,6363864.00,6211942,151922,2053.00,4103.00,6156.00,4103,2053,0.00,0.00,0,0
1503665420,s2-eth1,6212284.00,151922.00,6364206.00,151922,6212284,4104.00,2053.00,6157.00,2053,4104,0.00,0.00,0,0
1503665420,lo,326.00,326.00,652.00,326,326,3.00,3.00,6.00,3,3,0.00,0.00,0,0
1503665420,s3-eth2,151848.00,6213456.00,6365304.00,6213456,151848,2052.00,4104.00,6156.00,4104,2052,0.00,0.00,0,0
1503665420,s3-eth1,6211942.00,151922.00,6363864.00,151922,6211942,4103.00,2053.00,6156.00,2053,4103,0.00,0.00,0,0
1503665420,total,19095556.00,19094042.00,38189600.00,19094042,19095556,18474.00,18473.00,36947.00,18473,18474,0.00,0.00,0,0
1503665421,s1,0.00,0.00,0.00,0,0,0.00,0.00,0.00,0,0,0.00,0.00,0,0
1503665421,eth0,0.00,0.00,0.00,0,0,0.00,0.00,0.00,0,0,0.00,0.00,0,0
1503665421,eth1,0.00,0.00,0.00,0,0,0.00,0.00,0.00,0,0,0.00,0.00,0,0
1503665421,s2,0.00,0.00,0.00,0,0,0.00,0.00,0.00,0,0,0.00,0.00,0,0
1503665421,s1-eth2,151404.00,6198316.00,6349720.00,6198316,151404,2046.00,4094.00,6140.00,4094,2046,0.00,0.00,0,0
1503665421,s1-eth1,6195288.00,151404.00,6346692.00,151404,6195288,4092.00,2046.00,6138.00,2046,4092,0.00,0.00,0,0
1503665421,s3,0.00,0.00,0.00,0,0,0.00,0.00,0.00,0,0,0.00,0.00,0,0
1503665421,s2-eth2,151404.00,6196802.00,6348206.00,6196802,151404,2046.00,4093.00,6139.00,4093,2046,0.00,0.00,0,0
1503665421,s2-eth1,6198316.00,151404.00,6349720.00,151404,6198316,4094.00,2046.00,6140.00,2046,4094,0.00,0.00,0,0
1503665421,lo,0.00,0.00,0.00,0,0,0.00,0.00,0.00,0,0,0.00,0.00,0,0
1503665421,s3-eth2,151404.00,6196802.00,6348206.00,6196802,151404,2046.00,4093.00,6139.00,4093,2046,0.00,0.00,0,0
1503665421,s3-eth1,6196802.00,151404.00,6348206.00,151404,6196802,4093.00,2046.00,6139.00,2046,4093,0.00,0.00,0,0
1503665421,total,19044618.00,19046132.00,38090752.00,19046132,19044618,18417.00,18418.00,36835.00,18418,18417,0.00,0.00,0,0
1503665422,s1,0.00,0.00,0.00,0,0,0.00,0.00,0.00,0,0,0.00,0.00,0,0
1503665422,eth0,0.00,0.00,0.00,0,0,0.00,0.00,0.00,0,0,0.00,0.00,0,0
1503665422,eth1,107.00,0.00,107.00,0,107,1.00,0.00,1.00,0,1,0.00,0.00,0,0
1503665422,s2,0.00,0.00,0.00,0,0,0.00,0.00,0.00,0,0,0.00,0.00,0,0
1503665422,s1-eth2,150664.00,6161980.00,6312644.00,6161980,150664,2036.00,4070.00,6106.00,4070,2036,0.00,0.00,0,0
1503665422,s1-eth1,6160466.00,150738.00,6311204.00,150738,6160466,4069.00,2037.00,6106.00,2037,4069,0.00,0.00,0,0
1503665422,s3,0.00,0.00,0.00,0,0,0.00,0.00,0.00,0,0,0.00,0.00,0,0
1503665422,s2-eth2,150812.00,6161980.00,6312792.00,6161980,150812,2038.00,4070.00,6108.00,4070,2038,0.00,0.00,0,0
1503665422,s2-eth1,6161980.00,150664.00,6312644.00,150664,6161980,4070.00,2036.00,6106.00,2036,4070,0.00,0.00,0,0
1503665422,lo,172.00,172.00,344.00,172,172,3.00,3.00,6.00,3,3,0.00,0.00,0,0
1503665422,s3-eth2,150886.00,6160466.00,6311352.00,6160466,150886,2039.00,4069.00,6108.00,4069,2039,0.00,0.00,0,0
1503665422,s3-eth1,6161980.00,150812.00,6312792.00,150812,6161980,4070.00,2038.00,6108.00,2038,4070,0.00,0.00,0,0
1503665422,total,18937068.00,18936812.00,37873880.00,18936812,18937067,18326.00,18323.00,36649.00,18323,18326,0.00,0.00,0,0
1503665423,s1,0.00,342.00,342.00,342,0,0.00,1.00,1.00,1,0,0.00,0.00,0,0
1503665423,eth0,0.00,0.00,0.00,0,0,0.00,0.00,0.00,0,0,0.00,0.00,0,0
1503665423,eth1,0.00,0.00,0.00,0,0,0.00,0.00,0.00,0,0,0.00,0.00,0,0
1503665423,s2,0.00,342.00,342.00,342,0,0.00,1.00,1.00,1,0,0.00,0.00,0,0
1503665423,s1-eth2,149332.00,6112360.00,6261692.00,6112360,149332,2018.00,4038.00,6056.00,4038,2018,0.00,0.00,0,0
1503665423,s1-eth1,6115388.00,149332.00,6264720.00,149332,6115388,4040.00,2018.00,6058.00,2018,4040,0.00,0.00,0,0
1503665423,s3,0.00,0.00,0.00,0,0,0.00,0.00,0.00,0,0,0.00,0.00,0,0
1503665423,s2-eth2,149258.00,6110846.00,6260104.00,6110846,149258,2017.00,4037.00,6054.00,4037,2017,0.00,0.00,0,0
1503665423,s2-eth1,6112360.00,149332.00,6261692.00,149332,6112360,4038.00,2018.00,6056.00,2018,4038,0.00,0.00,0,0
1503665423,lo,652.00,652.00,1304.00,652,652,6.00,6.00,12.00,6,6,0.00,0.00,0,0
1503665423,s3-eth2,149184.00,6102934.00,6252118.00,6102934,149184,2016.00,4031.00,6047.00,4031,2016,0.00,0.00,0,0
1503665423,s3-eth1,6110846.00,149258.00,6260104.00,149258,6110846,4037.00,2017.00,6054.00,2017,4037,0.00,0.00,0,0
1503665423,total,18787020.00,18775398.00,37562416.00,18775398,18787020,18172.00,18167.00,36339.00,18167,18172,0.00,0.00,0,0
1503665424,s1,0.00,0.00,0.00,0,0,0.00,0.00,0.00,0,0,0.00,0.00,0,0
1503665424,eth0,0.00,0.00,0.00,0,0,0.00,0.00,0.00,0,0,0.00,0.00,0,0
1503665424,eth1,0.00,0.00,0.00,0,0,0.00,0.00,0.00,0,0,0.00,0.00,0,0
1503665424,s2,0.00,0.00,0.00,0,0,0.00,0.00,0.00,0,0,0.00,0.00,0,0
1503665424,s1-eth2,151700.00,6207400.00,6359100.00,6207400,151700,2050.00,4100.00,6150.00,4100,2050,0.00,0.00,0,0
1503665424,s1-eth1,6207400.00,151700.00,6359100.00,151700,6207400,4100.00,2050.00,6150.00,2050,4100,0.00,0.00,0,0
1503665424,s3,0.00,0.00,0.00,0,0,0.00,0.00,0.00,0,0,0.00,0.00,0,0
1503665424,s2-eth2,151774.00,6208914.00,6360688.00,6208914,151774,2051.00,4101.00,6152.00,4101,2051,0.00,0.00,0,0
1503665424,s2-eth1,6207400.00,151700.00,6359100.00,151700,6207400,4100.00,2050.00,6150.00,2050,4100,0.00,0.00,0,0
1503665424,lo,0.00,0.00,0.00,0,0,0.00,0.00,0.00,0,0,0.00,0.00,0,0
1503665424,s3-eth2,151848.00,6208914.00,6360762.00,6208914,151848,2052.00,4101.00,6153.00,4101,2052,0.00,0.00,0,0
1503665424,s3-eth1,6208914.00,151774.00,6360688.00,151774,6208914,4101.00,2051.00,6152.00,2051,4101,0.00,0.00,0,0
1503665424,total,19079036.00,19080402.00,38159440.00,19080402,19079036,18454.00,18453.00,36907.00,18453,18454,0.00,0.00,0,0
1503665425,s1,0.00,0.00,0.00,0,0,0.00,0.00,0.00,0,0,0.00,0.00,0,0
1503665425,eth0,0.00,0.00,0.00,0,0,0.00,0.00,0.00,0,0,0.00,0.00,0,0
1503665425,eth1,0.00,0.00,0.00,0,0,0.00,0.00,0.00,0,0,0.00,0.00,0,0
1503665425,s2,0.00,0.00,0.00,0,0,0.00,0.00,0.00,0,0,0.00,0.00,0,0
1503665425,s1-eth2,149998.00,6127158.00,6277156.00,6127158,149998,2027.00,4047.00,6074.00,4047,2027,0.00,0.00,0,0
1503665425,s1-eth1,6127158.00,149998.00,6277156.00,149998,6127158,4047.00,2027.00,6074.00,2027,4047,0.00,0.00,0,0
1503665425,s3,0.00,0.00,0.00,0,0,0.00,0.00,0.00,0,0,0.00,0.00,0,0
1503665425,s2-eth2,149924.00,6128672.00,6278596.00,6128672,149924,2026.00,4048.00,6074.00,4048,2026,0.00,0.00,0,0
1503665425,s2-eth1,6127158.00,149998.00,6277156.00,149998,6127158,4047.00,2027.00,6074.00,2027,4047,0.00,0.00,0,0
1503665425,lo,0.00,0.00,0.00,0,0,0.00,0.00,0.00,0,0,0.00,0.00,0,0
1503665425,s3-eth2,149850.00,6128672.00,6278522.00,6128672,149850,2025.00,4048.00,6073.00,4048,2025,0.00,0.00,0,0
1503665425,s3-eth1,6128672.00,149924.00,6278596.00,149924,6128672,4048.00,2026.00,6074.00,2026,4048,0.00,0.00,0,0
1503665425,total,18832760.00,18834422.00,37667184.00,18834422,18832760,18220.00,18223.00,36443.00,18223,18220,0.00,0.00,0,0
1503665426,s1,0.00,0.00,0.00,0,0,0.00,0.00,0.00,0,0,0.00,0.00,0,0
1503665426,eth0,0.00,0.00,0.00,0,0,0.00,0.00,0.00,0,0,0.00,0.00,0,0
1503665426,eth1,0.00,0.00,0.00,0,0,0.00,0.00,0.00,0,0,0.00,0.00,0,0
1503665426,s2,0.00,0.00,0.00,0,0,0.00,0.00,0.00,0,0,0.00,0.00,0,0
1503665426,s1-eth2,149702.00,6137756.00,6287458.00,6137756,149702,2023.00,4054.00,6077.00,4054,2023,0.00,0.00,0,0
1503665426,s1-eth1,6137756.00,149628.00,6287384.00,149628,6137756,4054.00,2022.00,6076.00,2022,4054,0.00,0.00,0,0
1503665426,s3,0.00,0.00,0.00,0,0,0.00,0.00,0.00,0,0,0.00,0.00,0,0
1503665426,s2-eth2,149628.00,6142298.00,6291926.00,6142298,149628,2022.00,4057.00,6079.00,4057,2022,0.00,0.00,0,0
1503665426,s2-eth1,6137756.00,149702.00,6287458.00,149702,6137756,4054.00,2023.00,6077.00,2023,4054,0.00,0.00,0,0
1503665426,lo,0.00,0.00,0.00,0,0,0.00,0.00,0.00,0,0,0.00,0.00,0,0
1503665426,s3-eth2,149628.00,6140784.00,6290412.00,6140784,149628,2022.00,4056.00,6078.00,4056,2022,0.00,0.00,0,0
1503665426,s3-eth1,6142298.00,149628.00,6291926.00,149628,6142298,4057.00,2022.00,6079.00,2022,4057,0.00,0.00,0,0
1503665426,total,18866768.00,18869796.00,37736564.00,18869796,18866768,18232.00,18234.00,36466.00,18234,18232,0.00,0.00,0,0
1503665427,s1,0.00,0.00,0.00,0,0,0.00,0.00,0.00,0,0,0.00,0.00,0,0
1503665427,eth0,0.00,0.00,0.00,0,0,0.00,0.00,0.00,0,0,0.00,0.00,0,0
1503665427,eth1,0.00,0.00,0.00,0,0,0.00,0.00,0.00,0,0,0.00,0.00,0,0
1503665427,s2,0.00,0.00,0.00,0,0,0.00,0.00,0.00,0,0,0.00,0.00,0,0
1503665427,s1-eth2,151034.00,6178634.00,6329668.00,6178634,151034,2041.00,4081.00,6122.00,4081,2041,0.00,0.00,0,0
1503665427,s1-eth1,6177120.00,151108.00,6328228.00,151108,6177120,4080.00,2042.00,6122.00,2042,4080,0.00,0.00,0,0
1503665427,s3,0.00,0.00,0.00,0,0,0.00,0.00,0.00,0,0,0.00,0.00,0,0
1503665427,s2-eth2,151108.00,6177120.00,6328228.00,6177120,151108,2042.00,4080.00,6122.00,4080,2042,0.00,0.00,0,0
1503665427,s2-eth1,6178634.00,151034.00,6329668.00,151034,6178634,4081.00,2041.00,6122.00,2041,4081,0.00,0.00,0,0
1503665427,lo,516.00,516.00,1032.00,516,516,9.00,9.00,18.00,9,9,0.00,0.00,0,0
1503665427,s3-eth2,151108.00,6174092.00,6325200.00,6174092,151108,2042.00,4078.00,6120.00,4078,2042,0.00,0.00,0,0
1503665427,s3-eth1,6177120.00,151108.00,6328228.00,151108,6177120,4080.00,2042.00,6122.00,2042,4080,0.00,0.00,0,0
1503665427,total,18986640.00,18983612.00,37970252.00,18983612,18986640,18375.00,18373.00,36748.00,18373,18375,0.00,0.00,0,0
1503665428,s1,0.00,0.00,0.00,0,0,0.00,0.00,0.00,0,0,0.00,0.00,0,0
1503665428,eth0,0.00,0.00,0.00,0,0,0.00,0.00,0.00,0,0,0.00,0.00,0,0
1503665428,eth1,0.00,0.00,0.00,0,0,0.00,0.00,0.00,0,0,0.00,0.00,0,0
1503665428,s2,0.00,0.00,0.00,0,0,0.00,0.00,0.00,0,0,0.00,0.00,0,0
1503665428,s1-eth2,150215.58,6123994.00,6274210.00,6136242,150516,2029.94,4044.91,6074.85,4053,2034,0.00,0.00,0,0
1503665428,s1-eth1,6125505.00,150141.72,6275647.00,150442,6137756,4045.91,2028.94,6074.85,2033,4054,0.00,0.00,0,0
1503665428,s3,0.00,0.00,0.00,0,0,0.00,0.00,0.00,0,0,0.00,0.00,0,0
1503665428,s2-eth2,150141.72,6123994.00,6274136.00,6136242,150442,2028.94,4044.91,6073.85,4053,2033,0.00,0.00,0,0
1503665428,s2-eth1,6123994.00,150215.58,6274210.00,150516,6136242,4044.91,2029.94,6074.85,2034,4053,0.00,0.00,0,0
1503665428,lo,0.00,0.00,0.00,0,0,0.00,0.00,0.00,0,0,0.00,0.00,0,0
1503665428,s3-eth2,150141.72,6125505.00,6275647.00,6137756,150442,2028.94,4045.91,6074.85,4054,2033,0.00,0.00,0,0
1503665428,s3-eth1,6123994.00,150141.72,6274136.00,150442,6136242,4044.91,2028.94,6073.85,2033,4053,0.00,0.00,0,0
1503665428,total,18823992.00,18823992.00,37647984.00,18861640,18861640,18223.55,18223.55,36447.11,18260,18260,0.00,0.00,0,0
1503665429,s1,0.00,342.00,342.00,342,0,0.00,1.00,1.00,1,0,0.00,0.00,0,0
1503665429,eth0,0.00,0.00,0.00,0,0,0.00,0.00,0.00,0,0,0.00,0.00,0,0
1503665429,eth1,0.00,0.00,0.00,0,0,0.00,0.00,0.00,0,0,0.00,0.00,0,0
1503665429,s2,0.00,0.00,0.00,0,0,0.00,0.00,0.00,0,0,0.00,0.00,0,0
1503665429,s1-eth2,150220.00,6172920.00,6323140.00,6172920,150220,2030.00,4078.00,6108.00,4078,2030,0.00,0.00,0,0
1503665429,s1-eth1,6172920.00,150294.00,6323214.00,150294,6172920,4078.00,2031.00,6109.00,2031,4078,0.00,0.00,0,0
1503665429,s3,0.00,0.00,0.00,0,0,0.00,0.00,0.00,0,0,0.00,0.00,0,0
1503665429,s2-eth2,150294.00,6172578.00,6322872.00,6172578,150294,2031.00,4077.00,6108.00,4077,2031,0.00,0.00,0,0
1503665429,s2-eth1,6172920.00,150220.00,6323140.00,150220,6172920,4078.00,2030.00,6108.00,2030,4078,0.00,0.00,0,0
1503665429,lo,326.00,326.00,652.00,326,326,3.00,3.00,6.00,3,3,0.00,0.00,0,0
1503665429,s3-eth2,150294.00,6171064.00,6321358.00,6171064,150294,2031.00,4076.00,6107.00,4076,2031,0.00,0.00,0,0
1503665429,s3-eth1,6172578.00,150294.00,6322872.00,150294,6172578,4077.00,2031.00,6108.00,2031,4077,0.00,0.00,0,0
1503665429,total,18969552.00,18968038.00,37937592.00,18968038,18969552,18328.00,18327.00,36655.00,18327,18328,0.00,0.00,0,0
1503665430,s1,0.00,0.00,0.00,0,0,0.00,0.00,0.00,0,0,0.00,0.00,0,0
1503665430,eth0,0.00,0.00,0.00,0,0,0.00,0.00,0.00,0,0,0.00,0.00,0,0
1503665430,eth1,341.32,0.00,341.32,0,342,1.00,0.00,1.00,0,1,0.00,0.00,0,0
1503665430,s2,0.00,0.00,0.00,0,0,0.00,0.00,0.00,0,0,0.00,0.00,0,0
1503665430,s1-eth2,150067.88,6125505.00,6275573.00,6137756,150368,2027.94,4045.91,6073.85,4054,2032,0.00,0.00,0,0
1503665430,s1-eth1,6124335.50,149920.16,6274255.50,150220,6136584,4045.91,2025.95,6071.86,2030,4054,0.00,0.00,0,0
1503665430,s3,0.00,0.00,0.00,0,0,0.00,0.00,0.00,0,0,0.00,0.00,0,0
1503665430,s2-eth2,150067.88,6123994.00,6274062.00,6136242,150368,2027.94,4044.91,6072.85,4053,2032,0.00,0.00,0,0
1503665430,s2-eth1,6125505.00,150067.88,6275573.00,150368,6137756,4045.91,2027.94,6073.85,2032,4054,0.00,0.00,0,0
1503665430,lo,0.00,0.00,0.00,0,0,0.00,0.00,0.00,0,0,0.00,0.00,0,0
1503665430,s3-eth2,149994.02,6123994.00,6273988.00,6136242,150294,2026.95,4044.91,6071.86,4053,2031,0.00,0.00,0,0
1503665430,s3-eth1,6123994.00,150067.88,6274062.00,150368,6136242,4044.91,2027.94,6072.85,2032,4053,0.00,0.00,0,0
1503665430,total,18824306.00,18823550.00,37647856.00,18861196,18861954,18220.56,18217.57,36438.12,18254,18257,0.00,0.00,0,0
1503665431,s1,0.00,0.00,0.00,0,0,0.00,0.00,0.00,0,0,0.00,0.00,0,0
1503665431,eth0,0.00,0.00,0.00,0,0,0.00,0.00,0.00,0,0,0.00,0.00,0,0
1503665431,eth1,0.00,0.00,0.00,0,0,0.00,0.00,0.00,0,0,0.00,0.00,0,0
1503665431,s2,0.00,0.00,0.00,0,0,0.00,0.00,0.00,0,0,0.00,0.00,0,0
1503665431,s1-eth2,131013.98,5344329.50,5475343.50,5355018,131276,1770.46,3529.94,5300.40,3537,1774,0.00,0.00,0,0
1503665431,s1-eth1,5348862.50,130866.27,5479728.50,131128,5359560,3532.93,1768.46,5301.40,1772,3540,0.00,0.00,0,0
1503665431,s3,0.00,341.32,341.32,342,0,0.00,1.00,1.00,1,0,0.00,0.00,0,0
1503665431,s2-eth2,131429.14,5336774.50,5468203.50,5347448,131692,1772.46,3524.95,5297.41,3532,1776,0.00,0.00,0,0
1503665431,s2-eth1,5344329.50,131013.98,5475343.50,131276,5355018,3529.94,1770.46,5300.40,1774,3537,0.00,0.00,0,0
1503665431,lo,325.35,325.35,650.70,326,326,2.99,2.99,5.99,3,3,0.00,0.00,0,0
1503665431,s3-eth2,131576.84,5324687.00,5456263.50,5335336,131840,1774.45,3516.97,5291.42,3524,1778,0.00,0.00,0,0
1503665431,s3-eth1,5336774.50,131429.14,5468203.50,131692,5347448,3524.95,1772.46,5297.41,1776,3532,0.00,0.00,0,0
1503665431,total,16424312.00,16399767.00,32824078.00,16432566,16457160,15908.18,15887.23,31795.41,15919,15940,0.00,0.00,0,0
1503665432,s1,0.00,0.00,0.00,0,0,0.00,0.00,0.00,0,0,0.00,0.00,0,0
1503665432,eth0,0.00,0.00,0.00,0,0,0.00,0.00,0.00,0,0,0.00,0.00,0,0
1503665432,eth1,0.00,0.00,0.00,0,0,0.00,0.00,0.00,0,0,0.00,0.00,0,0
1503665432,s2,0.00,0.00,0.00,0,0,0.00,0.00,0.00,0,0,0.00,0.00,0,0
1503665432,s1-eth2,142603.41,5817027.00,5959630.50,5822844,142746,1927.07,3842.16,5769.23,3846,1929,0.00,0.00,0,0
1503665432,s1-eth1,5815514.50,142751.25,5958266.00,142894,5821330,3841.16,1929.07,5770.23,1931,3845,0.00,0.00,0,0
1503665432,s3,0.00,0.00,0.00,0,0,0.00,0.00,0.00,0,0,0.00,0.00,0,0
1503665432,s2-eth2,142455.55,5820052.00,5962507.50,5825872,142598,1925.07,3844.16,5769.23,3848,1927,0.00,0.00,0,0
1503665432,s2-eth1,5817027.00,142603.41,5959630.50,142746,5822844,3842.16,1927.07,5769.23,1929,3846,0.00,0.00,0,0
1503665432,lo,171.83,171.83,343.66,172,172,3.00,3.00,5.99,3,3,0.00,0.00,0,0
1503665432,s3-eth2,142455.55,5817027.00,5959482.50,5822844,142598,1925.07,3842.16,5767.23,3846,1927,0.00,0.00,0,0
1503665432,s3-eth1,5820052.00,142455.55,5962507.50,142598,5825872,3844.16,1925.07,5769.23,1927,3848,0.00,0.00,0,0
1503665432,total,17880280.00,17882088.00,35762368.00,17899970,17898160,17307.69,17312.69,34620.38,17330,17325,0.00,0.00,0,0
1503665433,s1,0.00,0.00,0.00,0,0,0.00,0.00,0.00,0,0,0.00,0.00,0,0
1503665433,eth0,0.00,0.00,0.00,0,0,0.00,0.00,0.00,0,0,0.00,0.00,0,0
1503665433,eth1,0.00,0.00,0.00,0,0,0.00,0.00,0.00,0,0,0.00,0.00,0,0
1503665433,s2,0.00,0.00,0.00,0,0,0.00,0.00,0.00,0,0,0.00,0.00,0,0
1503665433,s1-eth2,149474.11,6089175.50,6238649.50,6113532,150072,2019.92,4021.91,6041.83,4038,2028,0.00,0.00,0,0
1503665433,s1-eth1,6087667.50,148589.64,6236257.00,149184,6112018,4020.92,2007.97,6028.88,2016,4037,0.00,0.00,0,0
1503665433,s3,0.00,0.00,0.00,0,0,0.00,0.00,0.00,0,0,0.00,0.00,0,0
1503665433,s2-eth2,149547.81,6089175.50,6238723.50,6113532,150146,2020.92,4021.91,6042.83,4038,2029,0.00,0.00,0,0
1503665433,s2-eth1,6089175.50,149474.11,6238649.50,150072,6113532,4021.91,2019.92,6041.83,2028,4038,0.00,0.00,0,0
1503665433,lo,171.31,171.31,342.63,172,172,2.99,2.99,5.98,3,3,0.00,0.00,0,0
1503665433,s3-eth2,149474.11,6093699.50,6243173.50,6118074,150072,2019.92,4024.90,6044.82,4041,2028,0.00,0.00,0,0
1503665433,s3-eth1,6089175.50,149547.81,6238723.50,150146,6113532,4021.91,2020.92,6042.83,2029,4038,0.00,0.00,0,0
1503665433,total,18714686.00,18719834.00,37434520.00,18794712,18789544,18128.49,18120.52,36249.01,18193,18201,0.00,0.00,0,0
1503665434,s1,0.00,639.36,639.36,640,0,0.00,4.00,4.00,4,0,0.00,0.00,0,0
1503665434,eth0,0.00,0.00,0.00,0,0,0.00,0.00,0.00,0,0,0.00,0.00,0,0
1503665434,eth1,0.00,0.00,0.00,0,0,0.00,0.00,0.00,0,0,0.00,0.00,0,0
1503665434,s2,0.00,639.36,639.36,640,0,0.00,4.00,4.00,4,0,0.00,0.00,0,0
1503665434,s1-eth2,140433.56,5722380.00,5862813.50,5728102,140574,1893.11,3783.22,5676.32,3787,1895,0.00,0.00,0,0
1503665434,s1-eth1,5723019.00,139646.36,5862665.50,139786,5728742,3787.21,1887.11,5674.33,1889,3791,0.00,0.00,0,0
1503665434,s3,0.00,639.36,639.36,640,0,0.00,4.00,4.00,4,0,0.00,0.00,0,0
1503665434,s2-eth2,140359.64,5723253.00,5863612.50,5728976,140500,1892.11,3780.22,5672.33,3784,1894,0.00,0.00,0,0
1503665434,s2-eth1,5722380.00,140433.56,5862813.50,140574,5728102,3783.22,1893.11,5676.32,1895,3787,0.00,0.00,0,0
1503665434,lo,3650.35,3650.35,7300.70,3654,3654,35.96,35.96,71.93,36,36,0.00,0.00,0,0
1503665434,s3-eth2,140359.64,5723253.00,5863612.50,5728976,140500,1892.11,3780.22,5672.33,3784,1894,0.00,0.00,0,0
1503665434,s3-eth1,5723253.00,140359.64,5863612.50,140500,5728976,3780.22,1892.11,5672.33,1894,3784,0.00,0.00,0,0
1503665434,total,17593456.00,17594894.00,35188348.00,17612488,17611048,17063.94,17063.94,34127.87,17081,17081,0.00,0.00,0,0
1503665435,s1,0.00,1639.00,1639.00,1639,0,0.00,11.00,11.00,11,0,0.00,0.00,0,0
1503665435,eth0,0.00,0.00,0.00,0,0,0.00,0.00,0.00,0,0,0.00,0.00,0,0
1503665435,eth1,0.00,0.00,0.00,0,0,0.00,0.00,0.00,0,0,0.00,0.00,0,0
1503665435,s2,0.00,2419.00,2419.00,2419,0,0.00,14.00,14.00,14,0,0.00,0.00,0,0
1503665435,s1-eth2,141343.00,5738185.00,5879528.00,5738185,141343,1896.00,3800.00,5696.00,3800,1896,0.00,0.00,0,0
1503665435,s1-eth1,5737995.00,139934.00,5877929.00,139934,5737995,3807.00,1891.00,5698.00,1891,3807,0.00,0.00,0,0
1503665435,s3,0.00,2419.00,2419.00,2419,0,0.00,14.00,14.00,14,0,0.00,0.00,0,0
1503665435,s2-eth2,142131.00,5737186.00,5879317.00,5737186,142131,1902.00,3793.00,5695.00,3793,1902,0.00,0.00,0,0
1503665435,s2-eth1,5738185.00,141343.00,5879528.00,141343,5738185,3800.00,1896.00,5696.00,1896,3800,0.00,0.00,0,0
1503665435,lo,11549.00,11549.00,23098.00,11549,11549,111.00,111.00,222.00,111,111,0.00,0.00,0,0
1503665435,s3-eth2,142205.00,5741088.00,5883293.00,5741088,142205,1903.00,3792.00,5695.00,3792,1903,0.00,0.00,0,0
1503665435,s3-eth1,5737186.00,142131.00,5879317.00,142131,5737186,3793.00,1902.00,5695.00,1902,3793,0.00,0.00,0,0
1503665435,total,17650594.00,17657892.00,35308488.00,17657893,17650594,17212.00,17224.00,34436.00,17224,17212,0.00,0.00,0,0
1503665436,s1,0.00,3432.00,3432.00,3432,0,0.00,16.00,16.00,16,0,0.00,0.00,0,0
1503665436,eth0,0.00,0.00,0.00,0,0,0.00,0.00,0.00,0,0,0.00,0.00,0,0
1503665436,eth1,0.00,0.00,0.00,0,0,0.00,0.00,0.00,0,0,0.00,0.00,0,0
1503665436,s2,0.00,2652.00,2652.00,2652,0,0.00,13.00,13.00,13,0,0.00,0.00,0,0
1503665436,s1-eth2,147631.00,6050348.00,6197979.00,6050348,147631,1986.00,4010.00,5996.00,4010,1986,0.00,0.00,0,0
1503665436,s1-eth1,6053280.00,147408.00,6200688.00,147408,6053280,4017.00,1992.00,6009.00,1992,4017,0.00,0.00,0,0
1503665436,s3,0.00,1213.00,1213.00,1213,0,0.00,7.00,7.00,7,0,0.00,0.00,0,0
1503665436,s2-eth2,147881.00,6048605.00,6196486.00,6048605,147881,1989.00,4003.00,5992.00,4003,1989,0.00,0.00,0,0
1503665436,s2-eth1,6050348.00,147631.00,6197979.00,147631,6050348,4010.00,1986.00,5996.00,1986,4010,0.00,0.00,0,0
1503665436,lo,10791.00,10791.00,21582.00,10791,10791,101.00,101.00,202.00,101,101,0.00,0.00,0,0
1503665436,s3-eth2,147807.00,6049944.00,6197751.00,6049944,147807,1988.00,3996.00,5984.00,3996,1988,0.00,0.00,0,0
1503665436,s3-eth1,6048605.00,147881.00,6196486.00,147881,6048605,4003.00,1989.00,5992.00,1989,4003,0.00,0.00,0,0
1503665436,total,18606344.00,18609904.00,37216248.00,18609905,18606343,18094.00,18113.00,36207.00,18113,18094,0.00,0.00,0,0
1503665437,s1,0.00,1380.00,1380.00,1380,0,0.00,6.00,6.00,6,0,0.00,0.00,0,0
1503665437,eth0,0.00,0.00,0.00,0,0,0.00,0.00,0.00,0,0,0.00,0.00,0,0
1503665437,eth1,0.00,0.00,0.00,0,0,0.00,0.00,0.00,0,0,0.00,0.00,0,0
1503665437,s2,0.00,1380.00,1380.00,1380,0,0.00,6.00,6.00,6,0,0.00,0.00,0,0
1503665437,s1-eth2,149437.00,6102800.00,6252237.00,6102800,149437,2016.00,4036.00,6052.00,4036,2016,0.00,0.00,0,0
1503665437,s1-eth1,6103127.00,149036.00,6252163.00,149036,6103127,4037.00,2014.00,6051.00,2014,4037,0.00,0.00,0,0
1503665437,s3,0.00,2525.00,2525.00,2525,0,0.00,10.00,10.00,10,0,0.00,0.00,0,0
1503665437,s2-eth2,151487.00,6100959.00,6252446.00,6100959,151487,2023.00,4034.00,6057.00,4034,2023,0.00,0.00,0,0
1503665437,s2-eth1,6102800.00,149437.00,6252237.00,149437,6102800,4036.00,2016.00,6052.00,2016,4036,0.00,0.00,0,0
1503665437,lo,6977.00,6977.00,13954.00,6977,6977,66.00,66.00,132.00,66,66,0.00,0.00,0,0
1503665437,s3-eth2,151487.00,6101420.00,6252907.00,6101420,151487,2023.00,4030.00,6053.00,4030,2023,0.00,0.00,0,0
1503665437,s3-eth1,6100959.00,151487.00,6252446.00,151487,6100959,4034.00,2023.00,6057.00,2023,4034,0.00,0.00,0,0
1503665437,total,18766274.00,18767400.00,37533676.00,18767401,18766274,18235.00,18241.00,36476.00,18241,18235,0.00,0.00,0,0
1503665438,s1,0.00,434.00,434.00,434,0,0.00,2.00,2.00,2,0,0.00,0.00,0,0
1503665438,eth0,0.00,0.00,0.00,0,0,0.00,0.00,0.00,0,0,0.00,0.00,0,0
1503665438,eth1,107.00,0.00,107.00,0,107,1.00,0.00,1.00,0,1,0.00,0.00,0,0
1503665438,s2,0.00,701.00,701.00,701,0,0.00,3.00,3.00,3,0,0.00,0.00,0,0
1503665438,s1-eth2,149780.00,6118508.00,6268288.00,6118508,149780,2021.00,4043.00,6064.00,4043,2021,0.00,0.00,0,0
1503665438,s1-eth1,6118882.00,149554.00,6268436.00,149554,6118882,4045.00,2021.00,6066.00,2021,4045,0.00,0.00,0,0
1503665438,s3,0.00,668.00,668.00,668,0,0.00,4.00,4.00,4,0,0.00,0.00,0,0
1503665438,s2-eth2,150148.00,6118401.00,6268549.00,6118401,150148,2024.00,4042.00,6066.00,4042,2024,0.00,0.00,0,0
1503665438,s2-eth1,6118508.00,149780.00,6268288.00,149780,6118508,4043.00,2021.00,6064.00,2021,4043,0.00,0.00,0,0
1503665438,lo,2850.00,2850.00,5700.00,2850,2850,27.00,27.00,54.00,27,27,0.00,0.00,0,0
1503665438,s3-eth2,150148.00,6119588.00,6269736.00,6119588,150148,2024.00,4042.00,6066.00,4042,2024,0.00,0.00,0,0
1503665438,s3-eth1,6118401.00,150148.00,6268549.00,150148,6118401,4042.00,2024.00,6066.00,2024,4042,0.00,0.00,0,0
1503665438,total,18808824.00,18810632.00,37619456.00,18810632,18808824,18227.00,18229.00,36456.00,18229,18227,0.00,0.00,0,0
1503665439,s1,0.00,1038.00,1038.00,1038,0,0.00,5.00,5.00,5,0,0.00,0.00,0,0
1503665439,eth0,0.00,0.00,0.00,0,0,0.00,0.00,0.00,0,0,0.00,0.00,0,0
1503665439,eth1,0.00,0.00,0.00,0,0,0.00,0.00,0.00,0,0,0.00,0.00,0,0
1503665439,s2,0.00,771.00,771.00,771,0,0.00,4.00,4.00,4,0,0.00,0.00,0,0
1503665439,s1-eth2,149951.00,6067636.00,6217587.00,6067636,149951,2023.00,4012.00,6035.00,4012,2023,0.00,0.00,0,0
1503665439,s1-eth1,6068033.00,148814.00,6216847.00,148814,6068033,4014.00,2011.00,6025.00,2011,4014,0.00,0.00,0,0
1503665439,s3,0.00,724.00,724.00,724,0,0.00,3.00,3.00,3,0,0.00,0.00,0,0
1503665439,s2-eth2,150204.00,6066972.00,6217176.00,6066972,150204,2023.00,4009.00,6032.00,4009,2023,0.00,0.00,0,0
1503665439,s2-eth1,6067636.00,149951.00,6217587.00,149951,6067636,4012.00,2023.00,6035.00,2023,4012,0.00,0.00,0,0
1503665439,lo,3696.00,3696.00,7392.00,3696,3696,36.00,36.00,72.00,36,36,0.00,0.00,0,0
1503665439,s3-eth2,150204.00,6069626.00,6219830.00,6069626,150204,2023.00,4009.00,6032.00,4009,2023,0.00,0.00,0,0
1503665439,s3-eth1,6066972.00,150204.00,6217176.00,150204,6066972,4009.00,2023.00,6032.00,2023,4009,0.00,0.00,0,0
1503665439,total,18656696.00,18659432.00,37316128.00,18659432,18656696,18140.00,18135.00,36275.00,18135,18140,0.00,0.00,0,0
1503665440,s1,0.00,739.00,739.00,739,0,0.00,3.00,3.00,3,0,0.00,0.00,0,0
1503665440,eth0,0.00,0.00,0.00,0,0,0.00,0.00,0.00,0,0,0.00,0.00,0,0
1503665440,eth1,0.00,0.00,0.00,0,0,0.00,0.00,0.00,0,0,0.00,0.00,0,0
1503665440,s2,0.00,397.00,397.00,397,0,0.00,2.00,2.00,2,0,0.00,0.00,0,0
1503665440,s1-eth2,150590.00,6200569.00,6351159.00,6200569,150590,2035.00,4098.00,6133.00,4098,2035,0.00,0.00,0,0
1503665440,s1-eth1,6202425.00,151330.00,6353755.00,151330,6202425,4100.00,2045.00,6145.00,2045,4100,0.00,0.00,0,0
1503665440,s3,0.00,786.00,786.00,786,0,0.00,4.00,4.00,4,0,0.00,0.00,0,0
1503665440,s2-eth2,151450.00,6201741.00,6353191.00,6201741,151450,2040.00,4098.00,6138.00,4098,2040,0.00,0.00,0,0
1503665440,s2-eth1,6200569.00,150590.00,6351159.00,150590,6200569,4098.00,2035.00,6133.00,2035,4098,0.00,0.00,0,0
1503665440,lo,2739.00,2739.00,5478.00,2739,2739,27.00,27.00,54.00,27,27,0.00,0.00,0,0
1503665440,s3-eth2,151450.00,6202858.00,6354308.00,6202858,151450,2040.00,4097.00,6137.00,4097,2040,0.00,0.00,0,0
1503665440,s3-eth1,6201741.00,151450.00,6353191.00,151450,6201741,4098.00,2040.00,6138.00,2040,4098,0.00,0.00,0,0
1503665440,total,19060964.00,19063200.00,38124164.00,19063199,19060964,18438.00,18449.00,36887.00,18449,18438,0.00,0.00,0,0
1503665441,s1,0.00,0.00,0.00,0,0,0.00,0.00,0.00,0,0,0.00,0.00,0,0
1503665441,eth0,0.00,0.00,0.00,0,0,0.00,0.00,0.00,0,0,0.00,0.00,0,0
1503665441,eth1,342.00,0.00,342.00,0,342,1.00,0.00,1.00,0,1,0.00,0.00,0,0
1503665441,s2,0.00,0.00,0.00,0,0,0.00,0.00,0.00,0,0,0.00,0.00,0,0
1503665441,s1-eth2,150886.00,6184690.00,6335576.00,6184690,150886,2039.00,4085.00,6124.00,4085,2039,0.00,0.00,0,0
1503665441,s1-eth1,6181662.00,150886.00,6332548.00,150886,6181662,4083.00,2039.00,6122.00,2039,4083,0.00,0.00,0,0
1503665441,s3,0.00,327.00,327.00,327,0,0.00,1.00,1.00,1,0,0.00,0.00,0,0
1503665441,s2-eth2,151213.00,6183176.00,6334389.00,6183176,151213,2040.00,4084.00,6124.00,4084,2040,0.00,0.00,0,0
1503665441,s2-eth1,6184690.00,150886.00,6335576.00,150886,6184690,4085.00,2039.00,6124.00,2039,4085,0.00,0.00,0,0
1503665441,lo,326.00,326.00,652.00,326,326,3.00,3.00,6.00,3,3,0.00,0.00,0,0
1503665441,s3-eth2,151213.00,6183176.00,6334389.00,6183176,151213,2040.00,4084.00,6124.00,4084,2040,0.00,0.00,0,0
1503665441,s3-eth1,6183176.00,151213.00,6334389.00,151213,6183176,4084.00,2040.00,6124.00,2040,4084,0.00,0.00,0,0
1503665441,total,19003508.00,19004680.00,38008188.00,19004680,19003508,18375.00,18375.00,36750.00,18375,18375,0.00,0.00,0,0
1503665442,s1,0.00,107.00,107.00,107,0,0.00,1.00,1.00,1,0,0.00,0.00,0,0
1503665442,eth0,0.00,0.00,0.00,0,0,0.00,0.00,0.00,0,0,0.00,0.00,0,0
1503665442,eth1,0.00,0.00,0.00,0,0,0.00,0.00,0.00,0,0,0.00,0.00,0,0
1503665442,s2,0.00,107.00,107.00,107,0,0.00,1.00,1.00,1,0,0.00,0.00,0,0
1503665442,s1-eth2,151289.00,6139377.00,6290666.00,6139377,151289,2044.00,4056.00,6100.00,4056,2044,0.00,0.00,0,0
1503665442,s1-eth1,6140998.00,150072.00,6291070.00,150072,6140998,4058.00,2028.00,6086.00,2028,4058,0.00,0.00,0,0
1503665442,s3,0.00,107.00,107.00,107,0,0.00,1.00,1.00,1,0,0.00,0.00,0,0
1503665442,s2-eth2,151215.00,6140784.00,6291999.00,6140784,151215,2043.00,4056.00,6099.00,4056,2043,0.00,0.00,0,0
1503665442,s2-eth1,6139377.00,151289.00,6290666.00,151289,6139377,4056.00,2044.00,6100.00,2044,4056,0.00,0.00,0,0
1503665442,lo,915.00,915.00,1830.00,915,915,9.00,9.00,18.00,9,9,0.00,0.00,0,0
1503665442,s3-eth2,151215.00,6142298.00,6293513.00,6142298,151215,2043.00,4057.00,6100.00,4057,2043,0.00,0.00,0,0
1503665442,s3-eth1,6140784.00,151215.00,6291999.00,151215,6140784,4056.00,2043.00,6099.00,2043,4056,0.00,0.00,0,0
1503665442,total,18875792.00,18876272.00,37752064.00,18876271,18875793,18309.00,18296.00,36605.00,18296,18309,0.00,0.00,0,0
1503665443,s1,0.00,177.00,177.00,177,0,0.00,2.00,2.00,2,0,0.00,0.00,0,0
1503665443,eth0,0.00,0.00,0.00,0,0,0.00,0.00,0.00,0,0,0.00,0.00,0,0
1503665443,eth1,0.00,0.00,0.00,0,0,0.00,0.00,0.00,0,0,0.00,0.00,0,0
1503665443,s2,0.00,519.00,519.00,519,0,0.00,3.00,3.00,3,0,0.00,0.00,0,0
1503665443,s1-eth2,149966.00,6163671.00,6313637.00,6163671,149966,2023.00,4073.00,6096.00,4073,2023,0.00,0.00,0,0
1503665443,s1-eth1,6162227.00,150516.00,6312743.00,150516,6162227,4073.00,2034.00,6107.00,2034,4073,0.00,0.00,0,0
1503665443,s3,0.00,412.00,412.00,412,0,0.00,2.00,2.00,2,0,0.00,0.00,0,0
1503665443,s2-eth2,149966.00,6166629.00,6316595.00,6166629,149966,2023.00,4074.00,6097.00,4074,2023,0.00,0.00,0,0
1503665443,s2-eth1,6163671.00,149966.00,6313637.00,149966,6163671,4073.00,2023.00,6096.00,2023,4073,0.00,0.00,0,0
1503665443,lo,2066.00,2066.00,4132.00,2066,2066,21.00,21.00,42.00,21,21,0.00,0.00,0,0
1503665443,s3-eth2,149966.00,6166522.00,6316488.00,6166522,149966,2023.00,4073.00,6096.00,4073,2023,0.00,0.00,0,0
1503665443,s3-eth1,6166629.00,149966.00,6316595.00,149966,6166629,4074.00,2023.00,6097.00,2023,4074,0.00,0.00,0,0
1503665443,total,18944492.00,18950444.00,37894936.00,18950444,18944491,18310.00,18328.00,36638.00,18328,18310,0.00,0.00,0,0
1503665444,s1,0.00,412.00,412.00,412,0,0.00,2.00,2.00,2,0,0.00,0.00,0,0
1503665444,eth0,0.00,0.00,0.00,0,0,0.00,0.00,0.00,0,0,0.00,0.00,0,0
1503665444,eth1,0.00,0.00,0.00,0,0,0.00,0.00,0.00,0,0,0.00,0.00,0,0
1503665444,s2,0.00,70.00,70.00,70,0,0.00,1.00,1.00,1,0,0.00,0.00,0,0
1503665444,s1-eth2,150960.00,6180560.00,6331520.00,6180560,150960,2040.00,4084.00,6124.00,4084,2040,0.00,0.00,0,0
1503665444,s1-eth1,6182074.00,151034.00,6333108.00,151034,6182074,4085.00,2041.00,6126.00,2041,4085,0.00,0.00,0,0
1503665444,s3,0.00,177.00,177.00,177,0,0.00,2.00,2.00,2,0,0.00,0.00,0,0
1503665444,s2-eth2,151137.00,6177190.00,6328327.00,6177190,151137,2042.00,4081.00,6123.00,4081,2042,0.00,0.00,0,0
1503665444,s2-eth1,6180560.00,150960.00,6331520.00,150960,6180560,4084.00,2040.00,6124.00,2040,4084,0.00,0.00,0,0
1503665444,lo,1435.00,1435.00,2870.00,1435,1435,15.00,15.00,30.00,15,15,0.00,0.00,0,0
1503665444,s3-eth2,151067.00,6181662.00,6332729.00,6181662,151067,2041.00,4083.00,6124.00,4083,2041,0.00,0.00,0,0
1503665444,s3-eth1,6177190.00,151137.00,6328327.00,151137,6177190,4081.00,2042.00,6123.00,2042,4081,0.00,0.00,0,0
1503665444,total,18994424.00,18994636.00,37989060.00,18994637,18994423,18388.00,18391.00,36779.00,18391,18388,0.00,0.00,0,0
1503665445,s1,0.00,342.00,342.00,342,0,0.00,1.00,1.00,1,0,0.00,0.00,0,0
1503665445,eth0,0.00,0.00,0.00,0,0,0.00,0.00,0.00,0,0,0.00,0.00,0,0
1503665445,eth1,0.00,0.00,0.00,0,0,0.00,0.00,0.00,0,0,0.00,0.00,0,0
1503665445,s2,0.00,342.00,342.00,342,0,0.00,1.00,1.00,1,0,0.00,0.00,0,0
1503665445,s1-eth2,151224.00,6138098.00,6289322.00,6138098,151224,2044.00,4055.00,6099.00,4055,2044,0.00,0.00,0,0
1503665445,s1-eth1,6138098.00,150558.00,6288656.00,150558,6138098,4055.00,2035.00,6090.00,2035,4055,0.00,0.00,0,0
1503665445,s3,0.00,0.00,0.00,0,0,0.00,0.00,0.00,0,0,0.00,0.00,0,0
1503665445,s2-eth2,151298.00,6138098.00,6289396.00,6138098,151298,2045.00,4055.00,6100.00,4055,2045,0.00,0.00,0,0
1503665445,s2-eth1,6138098.00,151224.00,6289322.00,151224,6138098,4055.00,2044.00,6099.00,2044,4055,0.00,0.00,0,0
1503665445,lo,652.00,652.00,1304.00,652,652,6.00,6.00,12.00,6,6,0.00,0.00,0,0
1503665445,s3-eth2,151516.00,6137756.00,6289272.00,6137756,151516,2048.00,4054.00,6102.00,4054,2048,0.00,0.00,0,0
1503665445,s3-eth1,6138098.00,151298.00,6289396.00,151298,6138098,4055.00,2045.00,6100.00,2045,4055,0.00,0.00,0,0
1503665445,total,18868984.00,18868368.00,37737352.00,18868368,18868984,18308.00,18296.00,36604.00,18296,18308,0.00,0.00,0,0
1503665446,s1,0.00,0.00,0.00,0,0,0.00,0.00,0.00,0,0,0.00,0.00,0,0
1503665446,eth0,0.00,0.00,0.00,0,0,0.00,0.00,0.00,0,0,0.00,0.00,0,0
1503665446,eth1,0.00,0.00,0.00,0,0,0.00,0.00,0.00,0,0,0.00,0.00,0,0
1503665446,s2,0.00,0.00,0.00,0,0,0.00,0.00,0.00,0,0,0.00,0.00,0,0
1503665446,s1-eth2,150368.00,6205928.00,6356296.00,6205928,150368,2032.00,4100.00,6132.00,4100,2032,0.00,0.00,0,0
1503665446,s1-eth1,6204414.00,151108.00,6355522.00,151108,6204414,4099.00,2042.00,6141.00,2042,4099,0.00,0.00,0,0
1503665446,s3,0.00,0.00,0.00,0,0,0.00,0.00,0.00,0,0,0.00,0.00,0,0
1503665446,s2-eth2,150368.00,6207442.00,6357810.00,6207442,150368,2032.00,4101.00,6133.00,4101,2032,0.00,0.00,0,0
1503665446,s2-eth1,6205928.00,150368.00,6356296.00,150368,6205928,4100.00,2032.00,6132.00,2032,4100,0.00,0.00,0,0
1503665446,lo,0.00,0.00,0.00,0,0,0.00,0.00,0.00,0,0,0.00,0.00,0,0
1503665446,s3-eth2,150220.00,6208956.00,6359176.00,6208956,150220,2030.00,4102.00,6132.00,4102,2030,0.00,0.00,0,0
1503665446,s3-eth1,6207442.00,150368.00,6357810.00,150368,6207442,4101.00,2032.00,6133.00,2032,4101,0.00,0.00,0,0
1503665446,total,19068740.00,19074170.00,38142912.00,19074170,19068740,18394.00,18409.00,36803.00,18409,18394,0.00,0.00,0,0
1503665447,s1,0.00,0.00,0.00,0,0,0.00,0.00,0.00,0,0,0.00,0.00,0,0
1503665447,eth0,0.00,0.00,0.00,0,0,0.00,0.00,0.00,0,0,0.00,0.00,0,0
1503665447,eth1,0.00,0.00,0.00,0,0,0.00,0.00,0.00,0,0,0.00,0.00,0,0
1503665447,s2,0.00,0.00,0.00,0,0,0.00,0.00,0.00,0,0,0.00,0.00,0,0
1503665447,s1-eth2,54994.00,2053940.00,2108934.00,2053940,54994,743.00,1360.00,2103.00,1360,743,0.00,0.00,0,0
1503665447,s1-eth1,2119042.00,53440.00,2172482.00,53440,2119042,1403.00,722.00,2125.00,722,1403,0.00,0.00,0,0
1503665447,s3,0.00,0.00,0.00,0,0,0.00,0.00,0.00,0,0,0.00,0.00,0,0
1503665447,s2-eth2,56474.00,1987324.00,2043798.00,1987324,56474,763.00,1316.00,2079.00,1316,763,0.00,0.00,0,0
1503665447,s2-eth1,2053940.00,54994.00,2108934.00,54994,2053940,1360.00,743.00,2103.00,743,1360,0.00,0.00,0,0
1503665447,lo,0.00,0.00,0.00,0,0,0.00,0.00,0.00,0,0,0.00,0.00,0,0
1503665447,s3-eth2,58028.00,1901026.00,1959054.00,1901026,58028,784.00,1259.00,2043.00,1259,784,0.00,0.00,0,0
1503665447,s3-eth1,1987324.00,56474.00,2043798.00,56474,1987324,1316.00,763.00,2079.00,763,1316,0.00,0.00,0,0
1503665447,total,6329802.00,6107198.00,12437000.00,6107198,6329802,6369.00,6163.00,12532.00,6163,6369,0.00,0.00,0,0
1503665448,s1,0.00,0.00,0.00,0,0,0.00,0.00,0.00,0,0,0.00,0.00,0,0
1503665448,eth0,0.00,0.00,0.00,0,0,0.00,0.00,0.00,0,0,0.00,0.00,0,0
1503665448,eth1,0.00,0.00,0.00,0,0,0.00,0.00,0.00,0,0,0.00,0.00,0,0
1503665448,s2,0.00,0.00,0.00,0,0,0.00,0.00,0.00,0,0,0.00,0.00,0,0
1503665448,s1-eth2,0.00,0.00,0.00,0,0,0.00,0.00,0.00,0,0,0.00,0.00,0,0
1503665448,s1-eth1,0.00,0.00,0.00,0,0,0.00,0.00,0.00,0,0,0.00,0.00,0,0
1503665448,s3,0.00,342.00,342.00,342,0,0.00,1.00,1.00,1,0,0.00,0.00,0,0
1503665448,s2-eth2,342.00,0.00,342.00,0,342,1.00,0.00,1.00,0,1,0.00,0.00,0,0
1503665448,s2-eth1,0.00,0.00,0.00,0,0,0.00,0.00,0.00,0,0,0.00,0.00,0,0
1503665448,lo,326.00,326.00,652.00,326,326,3.00,3.00,6.00,3,3,0.00,0.00,0,0
1503665448,s3-eth2,342.00,0.00,342.00,0,342,1.00,0.00,1.00,0,1,0.00,0.00,0,0
1503665448,s3-eth1,0.00,342.00,342.00,342,0,0.00,1.00,1.00,1,0,0.00,0.00,0,0
1503665448,total,1010.00,1010.00,2020.00,1010,1010,5.00,5.00,10.00,5,5,0.00,0.00,0,0
1503665449,s1,0.00,0.00,0.00,0,0,0.00,0.00,0.00,0,0,0.00,0.00,0,0
1503665449,eth0,0.00,0.00,0.00,0,0,0.00,0.00,0.00,0,0,0.00,0.00,0,0
1503665449,eth1,0.00,0.00,0.00,0,0,0.00,0.00,0.00,0,0,0.00,0.00,0,0
1503665449,s2,0.00,0.00,0.00,0,0,0.00,0.00,0.00,0,0,0.00,0.00,0,0
1503665449,s1-eth2,0.00,0.00,0.00,0,0,0.00,0.00,0.00,0,0,0.00,0.00,0,0
1503665449,s1-eth1,0.00,0.00,0.00,0,0,0.00,0.00,0.00,0,0,0.00,0.00,0,0
1503665449,s3,0.00,0.00,0.00,0,0,0.00,0.00,0.00,0,0,0.00,0.00,0,0
1503665449,s2-eth2,0.00,0.00,0.00,0,0,0.00,0.00,0.00,0,0,0.00,0.00,0,0
1503665449,s2-eth1,0.00,0.00,0.00,0,0,0.00,0.00,0.00,0,0,0.00,0.00,0,0
1503665449,lo,344.00,344.00,688.00,344,344,6.00,6.00,12.00,6,6,0.00,0.00,0,0
1503665449,s3-eth2,0.00,0.00,0.00,0,0,0.00,0.00,0.00,0,0,0.00,0.00,0,0
1503665449,s3-eth1,0.00,0.00,0.00,0,0,0.00,0.00,0.00,0,0,0.00,0.00,0,0
1503665449,total,344.00,344.00,688.00,344,344,6.00,6.00,12.00,6,6,0.00,0.00,0,0
1503665450,s1,0.00,107.00,107.00,107,0,0.00,1.00,1.00,1,0,0.00,0.00,0,0
1503665450,eth0,0.00,0.00,0.00,0,0,0.00,0.00,0.00,0,0,0.00,0.00,0,0
1503665450,eth1,0.00,0.00,0.00,0,0,0.00,0.00,0.00,0,0,0.00,0.00,0,0
1503665450,s2,0.00,107.00,107.00,107,0,0.00,1.00,1.00,1,0,0.00,0.00,0,0
1503665450,s1-eth2,107.00,107.00,214.00,107,107,1.00,1.00,2.00,1,1,0.00,0.00,0,0
1503665450,s1-eth1,214.00,0.00,214.00,0,214,2.00,0.00,2.00,0,2,0.00,0.00,0,0
1503665450,s3,0.00,107.00,107.00,107,0,0.00,1.00,1.00,1,0,0.00,0.00,0,0
1503665450,s2-eth2,107.00,0.00,107.00,0,107,1.00,0.00,1.00,0,1,0.00,0.00,0,0
1503665450,s2-eth1,107.00,107.00,214.00,107,107,1.00,1.00,2.00,1,1,0.00,0.00,0,0
1503665450,lo,915.00,915.00,1830.00,915,915,9.00,9.00,18.00,9,9,0.00,0.00,0,0
1503665450,s3-eth2,107.00,0.00,107.00,0,107,1.00,0.00,1.00,0,1,0.00,0.00,0,0
1503665450,s3-eth1,0.00,107.00,107.00,107,0,0.00,1.00,1.00,1,0,0.00,0.00,0,0
1503665450,total,1557.00,1557.00,3114.00,1557,1557,15.00,15.00,30.00,15,15,0.00,0.00,0,0
1503665451,s1,0.00,107.00,107.00,107,0,0.00,1.00,1.00,1,0,0.00,0.00,0,0
1503665451,eth0,0.00,0.00,0.00,0,0,0.00,0.00,0.00,0,0,0.00,0.00,0,0
1503665451,eth1,0.00,0.00,0.00,0,0,0.00,0.00,0.00,0,0,0.00,0.00,0,0
1503665451,s2,0.00,107.00,107.00,107,0,0.00,1.00,1.00,1,0,0.00,0.00,0,0
1503665451,s1-eth2,0.00,107.00,107.00,107,0,0.00,1.00,1.00,1,0,0.00,0.00,0,0
1503665451,s1-eth1,449.00,0.00,449.00,0,449,2.00,0.00,2.00,0,2,0.00,0.00,0,0
1503665451,s3,0.00,0.00,0.00,0,0,0.00,0.00,0.00,0,0,0.00,0.00,0,0
1503665451,s2-eth2,0.00,107.00,107.00,107,0,0.00,1.00,1.00,1,0,0.00,0.00,0,0
1503665451,s2-eth1,107.00,0.00,107.00,0,107,1.00,0.00,1.00,0,1,0.00,0.00,0,0
1503665451,lo,610.00,610.00,1220.00,610,610,6.00,6.00,12.00,6,6,0.00,0.00,0,0
1503665451,s3-eth2,107.00,0.00,107.00,0,107,1.00,0.00,1.00,0,1,0.00,0.00,0,0
1503665451,s3-eth1,107.00,0.00,107.00,0,107,1.00,0.00,1.00,0,1,0.00,0.00,0,0
1503665451,total,1380.00,1038.00,2418.00,1038,1380,11.00,10.00,21.00,10,11,0.00,0.00,0,0
1503665452,s1,0.00,340.64,340.64,342,0,0.00,1.00,1.00,1,0,0.00,0.00,0,0
1503665452,eth0,0.00,0.00,0.00,0,0,0.00,0.00,0.00,0,0,0.00,0.00,0,0
1503665452,eth1,109.56,0.00,109.56,0,110,1.00,0.00,1.00,0,1,0.00,0.00,0,0
1503665452,s2,0.00,340.64,340.64,342,0,0.00,1.00,1.00,1,0,0.00,0.00,0,0
1503665452,s1-eth2,340.64,340.64,681.27,342,342,1.00,1.00,1.99,1,1,0.00,0.00,0,0
1503665452,s1-eth1,340.64,0.00,340.64,0,342,1.00,0.00,1.00,0,1,0.00,0.00,0,0
1503665452,s3,0.00,447.21,447.21,449,0,0.00,1.99,1.99,2,0,0.00,0.00,0,0
1503665452,s2-eth2,447.21,0.00,447.21,0,449,1.99,0.00,1.99,0,2,0.00,0.00,0,0
1503665452,s2-eth1,340.64,340.64,681.27,342,342,1.00,1.00,1.99,1,1,0.00,0.00,0,0
1503665452,lo,1277.89,1277.89,2555.78,1283,1283,11.95,11.95,23.90,12,12,0.00,0.00,0,0
1503665452,s3-eth2,447.21,0.00,447.21,0,449,1.99,0.00,1.99,0,2,0.00,0.00,0,0
1503665452,s3-eth1,0.00,447.21,447.21,449,0,0.00,1.99,1.99,2,0,0.00,0.00,0,0
1503665452,total,3303.78,3534.86,6838.65,3549,3317,19.92,19.92,39.84,20,20,0.00,0.00,0,0
1503665453,s1,0.00,0.00,0.00,0,0,0.00,0.00,0.00,0,0,0.00,0.00,0,0
1503665453,eth0,87.00,0.00,87.00,0,87,1.00,0.00,1.00,0,1,0.00,0.00,0,0
1503665453,eth1,530.00,0.00,530.00,0,530,3.00,0.00,3.00,0,3,0.00,0.00,0,0
1503665453,s2,0.00,0.00,0.00,0,0,0.00,0.00,0.00,0,0,0.00,0.00,0,0
1503665453,s1-eth2,0.00,0.00,0.00,0,0,0.00,0.00,0.00,0,0,0.00,0.00,0,0
1503665453,s1-eth1,0.00,0.00,0.00,0,0,0.00,0.00,0.00,0,0,0.00,0.00,0,0
1503665453,s3,0.00,0.00,0.00,0,0,0.00,0.00,0.00,0,0,0.00,0.00,0,0
1503665453,s2-eth2,0.00,0.00,0.00,0,0,0.00,0.00,0.00,0,0,0.00,0.00,0,0
1503665453,s2-eth1,0.00,0.00,0.00,0,0,0.00,0.00,0.00,0,0,0.00,0.00,0,0
1503665453,lo,0.00,0.00,0.00,0,0,0.00,0.00,0.00,0,0,0.00,0.00,0,0
1503665453,s3-eth2,0.00,0.00,0.00,0,0,0.00,0.00,0.00,0,0,0.00,0.00,0,0
1503665453,s3-eth1,0.00,0.00,0.00,0,0,0.00,0.00,0.00,0,0,0.00,0.00,0,0
1503665453,total,617.00,0.00,617.00,0,617,4.00,0.00,4.00,0,4,0.00,0.00,0,0
1503665454,s1,0.00,0.00,0.00,0,0,0.00,0.00,0.00,0,0,0.00,0.00,0,0
1503665454,eth0,0.00,0.00,0.00,0,0,0.00,0.00,0.00,0,0,0.00,0.00,0,0
1503665454,eth1,1089.00,0.00,1089.00,0,1089,8.00,0.00,8.00,0,8,0.00,0.00,0,0
1503665454,s2,0.00,0.00,0.00,0,0,0.00,0.00,0.00,0,0,0.00,0.00,0,0
1503665454,s1-eth2,0.00,0.00,0.00,0,0,0.00,0.00,0.00,0,0,0.00,0.00,0,0
1503665454,s1-eth1,0.00,0.00,0.00,0,0,0.00,0.00,0.00,0,0,0.00,0.00,0,0
1503665454,s3,0.00,0.00,0.00,0,0,0.00,0.00,0.00,0,0,0.00,0.00,0,0
1503665454,s2-eth2,0.00,0.00,0.00,0,0,0.00,0.00,0.00,0,0,0.00,0.00,0,0
1503665454,s2-eth1,0.00,0.00,0.00,0,0,0.00,0.00,0.00,0,0,0.00,0.00,0,0
1503665454,lo,0.00,0.00,0.00,0,0,0.00,0.00,0.00,0,0,0.00,0.00,0,0
1503665454,s3-eth2,0.00,0.00,0.00,0,0,0.00,0.00,0.00,0,0,0.00,0.00,0,0
1503665454,s3-eth1,0.00,0.00,0.00,0,0,0.00,0.00,0.00,0,0,0.00,0.00,0,0
1503665454,total,1089.00,0.00,1089.00,0,1089,8.00,0.00,8.00,0,8,0.00,0.00,0,0
1503665455,s1,0.00,0.00,0.00,0,0,0.00,0.00,0.00,0,0,0.00,0.00,0,0
1503665455,eth0,0.00,0.00,0.00,0,0,0.00,0.00,0.00,0,0,0.00,0.00,0,0
1503665455,eth1,1653.00,0.00,1653.00,0,1653,6.00,0.00,6.00,0,6,0.00,0.00,0,0
1503665455,s2,0.00,0.00,0.00,0,0,0.00,0.00,0.00,0,0,0.00,0.00,0,0
1503665455,s1-eth2,0.00,0.00,0.00,0,0,0.00,0.00,0.00,0,0,0.00,0.00,0,0
1503665455,s1-eth1,0.00,0.00,0.00,0,0,0.00,0.00,0.00,0,0,0.00,0.00,0,0
1503665455,s3,0.00,0.00,0.00,0,0,0.00,0.00,0.00,0,0,0.00,0.00,0,0
1503665455,s2-eth2,0.00,0.00,0.00,0,0,0.00,0.00,0.00,0,0,0.00,0.00,0,0
1503665455,s2-eth1,0.00,0.00,0