1503666122,s1,0.00,0.00,0.00,0,0,0.00,0.00,0.00,0,0,0.00,0.00,0,0
1503666122,eth0,0.00,0.00,0.00,0,0,0.00,0.00,0.00,0,0,0.00,0.00,0,0
1503666122,eth1,0.00,0.00,0.00,0,0,0.00,0.00,0.00,0,0,0.00,0.00,0,0
1503666122,s2,0.00,0.00,0.00,0,0,0.00,0.00,0.00,0,0,0.00,0.00,0,0
1503666122,s1-eth2,0.00,0.00,0.00,0,0,0.00,0.00,0.00,0,0,0.00,0.00,0,0
1503666122,s1-eth1,0.00,0.00,0.00,0,0,0.00,0.00,0.00,0,0,0.00,0.00,0,0
1503666122,s3,0.00,0.00,0.00,0,0,0.00,0.00,0.00,0,0,0.00,0.00,0,0
1503666122,s2-eth2,0.00,0.00,0.00,0,0,0.00,0.00,0.00,0,0,0.00,0.00,0,0
1503666122,s2-eth1,0.00,0.00,0.00,0,0,0.00,0.00,0.00,0,0,0.00,0.00,0,0
1503666122,lo,0.00,0.00,0.00,0,0,0.00,0.00,0.00,0,0,0.00,0.00,0,0
1503666122,s3-eth2,0.00,0.00,0.00,0,0,0.00,0.00,0.00,0,0,0.00,0.00,0,0
1503666122,s3-eth1,0.00,0.00,0.00,0,0,0.00,0.00,0.00,0,0,0.00,0.00,0,0
1503666122,total,0.00,0.00,0.00,0,0,0.00,0.00,0.00,0,0,0.00,0.00,0,0
1503666123,s1,250.00,3064.00,3314.00,3064,250,3.00,18.00,21.00,18,3,0.00,0.00,0,0
1503666123,eth0,0.00,0.00,0.00,0,0,0.00,0.00,0.00,0,0,0.00,0.00,0,0
1503666123,eth1,0.00,0.00,0.00,0,0,0.00,0.00,0.00,0,0,0.00,0.00,0,0
1503666123,s2,250.00,3044.00,3294.00,3044,250,3.00,18.00,21.00,18,3,0.00,0.00,0,0
1503666123,s1-eth2,147974.00,6016672.00,6164646.00,6016672,147974,1990.00,3990.00,5980.00,3990,1990,0.00,0.00,0,0
1503666123,s1-eth1,6016829.00,146668.00,6163497.00,146668,6016829,3998.00,1982.00,5980.00,1982,3998,0.00,0.00,0,0
1503666123,s3,90.00,3585.00,3675.00,3585,90,1.00,24.00,25.00,24,1,0.00,0.00,0,0
1503666123,s2-eth2,149929.00,6013832.00,6163761.00,6013832,149929,2002.00,3981.00,5983.00,3981,2002,0.00,0.00,0,0
1503666123,s2-eth1,6016672.00,147974.00,6164646.00,147974,6016672,3990.00,1990.00,5980.00,1990,3990,0.00,0.00,0,0
1503666123,lo,19048.00,19048.00,38096.00,19048,19048,182.00,182.00,364.00,182,182,0.00,0.00,0,0
1503666123,s3-eth2,151654.00,6012344.00,6163998.00,6012344,151654,2011.00,3974.00,5985.00,3974,2011,0.00,0.00,0,0
1503666123,s3-eth1,6013832.00,149929.00,6163761.00,149929,6013832,3981.00,2002.00,5983.00,2002,3981,0.00,0.00,0,0
1503666123,total,18516528.00,18516160.00,37032688.00,18516160,18516528,18161.00,18161.00,36322.00,18161,18161,0.00,0.00,0,0
1503666124,s1,0.00,996.00,996.00,996,0,0.00,3.00,3.00,3,0,0.00,0.00,0,0
1503666124,eth0,0.00,0.00,0.00,0,0,0.00,0.00,0.00,0,0,0.00,0.00,0,0
1503666124,eth1,0.00,0.00,0.00,0,0,0.00,0.00,0.00,0,0,0.00,0.00,0,0
1503666124,s2,0.00,996.00,996.00,996,0,0.00,3.00,3.00,3,0,0.00,0.00,0,0
1503666124,s1-eth2,149631.00,6094846.00,6244477.00,6094846,149631,2015.00,4028.00,6043.00,4028,2015,0.00,0.00,0,0
1503666124,s1-eth1,6097029.00,148962.00,6245991.00,148962,6097029,4031.00,2013.00,6044.00,2013,4031,0.00,0.00,0,0
1503666124,s3,0.00,1632.00,1632.00,1632,0,0.00,6.00,6.00,6,0,0.00,0.00,0,0
1503666124,s2-eth2,150668.00,6092663.00,6243331.00,6092663,150668,2020.00,4025.00,6045.00,4025,2020,0.00,0.00,0,0
1503666124,s2-eth1,6094846.00,149631.00,6244477.00,149631,6094846,4028.00,2015.00,6043.00,2015,4028,0.00,0.00,0,0
1503666124,lo,3787.00,3787.00,7574.00,3787,3787,34.00,34.00,68.00,34,34,0.00,0.00,0,0
1503666124,s3-eth2,151215.00,6095364.00,6246579.00,6095364,151215,2022.00,4026.00,6048.00,4026,2022,0.00,0.00,0,0
1503666124,s3-eth1,6092663.00,150668.00,6243331.00,150668,6092663,4025.00,2020.00,6045.00,2020,4025,0.00,0.00,0,0
1503666124,total,18739840.00,18739544.00,37479384.00,18739545,18739839,18175.00,18173.00,36348.00,18173,18175,0.00,0.00,0,0
1503666125,s1,0.00,748.00,748.00,748,0,0.00,4.00,4.00,4,0,0.00,0.00,0,0
1503666125,eth0,0.00,0.00,0.00,0,0,0.00,0.00,0.00,0,0,0.00,0.00,0,0
1503666125,eth1,0.00,0.00,0.00,0,0,0.00,0.00,0.00,0,0,0.00,0.00,0,0
1503666125,s2,0.00,748.00,748.00,748,0,0.00,4.00,4.00,4,0,0.00,0.00,0,0
1503666125,s1-eth2,146820.00,5990132.00,6136952.00,5990132,146820,1981.00,3960.00,5941.00,3960,1981,0.00,0.00,0,0
1503666125,s1-eth1,5990506.00,146372.00,6136878.00,146372,5990506,3962.00,1978.00,5940.00,1978,3962,0.00,0.00,0,0
1503666125,s3,0.00,701.00,701.00,701,0,0.00,3.00,3.00,3,0,0.00,0.00,0,0
1503666125,s2-eth2,147073.00,5982188.00,6129261.00,5982188,147073,1981.00,3953.00,5934.00,3953,1981,0.00,0.00,0,0
1503666125,s2-eth1,5990132.00,146820.00,6136952.00,146820,5990132,3960.00,1981.00,5941.00,1981,3960,0.00,0.00,0,0
1503666125,lo,3377.00,3377.00,6754.00,3377,3377,31.00,31.00,62.00,31,31,0.00,0.00,0,0
1503666125,s3-eth2,147400.00,5966674.00,6114074.00,5966674,147400,1982.00,3941.00,5923.00,3941,1982,0.00,0.00,0,0
1503666125,s3-eth1,5982188.00,147073.00,6129261.00,147073,5982188,3953.00,1981.00,5934.00,1981,3953,0.00,0.00,0,0
1503666125,total,18407496.00,18384832.00,36792328.00,18384833,18407496,17850.00,17836.00,35686.00,17836,17850,0.00,0.00,0,0
1503666126,s1,0.00,934.00,934.00,934,0,0.00,6.00,6.00,6,0,0.00,0.00,0,0
1503666126,eth0,0.00,0.00,0.00,0,0,0.00,0.00,0.00,0,0,0.00,0.00,0,0
1503666126,eth1,0.00,0.00,0.00,0,0,0.00,0.00,0.00,0,0,0.00,0.00,0,0
1503666126,s2,0.00,934.00,934.00,934,0,0.00,6.00,6.00,6,0,0.00,0.00,0,0
1503666126,s1-eth2,144175.00,5872156.00,6016331.00,5872156,144175,1945.00,3883.00,5828.00,3883,1945,0.00,0.00,0,0
1503666126,s1-eth1,5875581.00,143704.00,6019285.00,143704,5875581,3887.00,1942.00,5829.00,1942,3887,0.00,0.00,0,0
1503666126,s3,70.00,841.00,911.00,841,70,1.00,5.00,6.00,5,1,0.00,0.00,0,0
1503666126,s2-eth2,144549.00,5880843.00,6025392.00,5880843,144549,1947.00,3887.00,5834.00,3887,1947,0.00,0.00,0,0
1503666126,s2-eth1,5872156.00,144175.00,6016331.00,144175,5872156,3883.00,1945.00,5828.00,1945,3883,0.00,0.00,0,0
1503666126,lo,5157.00,5157.00,10314.00,5157,5157,53.00,53.00,106.00,53,53,0.00,0.00,0,0
1503666126,s3-eth2,145067.00,5894002.00,6039069.00,5894002,145067,1951.00,3893.00,5844.00,3893,1951,0.00,0.00,0,0
1503666126,s3-eth1,5880843.00,144549.00,6025392.00,144549,5880843,3887.00,1947.00,5834.00,1947,3887,0.00,0.00,0,0
1503666126,total,18067598.00,18087296.00,36154892.00,18087295,18067598,17554.00,17567.00,35121.00,17567,17554,0.00,0.00,0,0
1503666127,s1,70.00,140.00,210.00,140,70,1.00,2.00,3.00,2,1,0.00,0.00,0,0
1503666127,eth0,0.00,0.00,0.00,0,0,0.00,0.00,0.00,0,0,0.00,0.00,0,0
1503666127,eth1,0.00,0.00,0.00,0,0,0.00,0.00,0.00,0,0,0.00,0.00,0,0
1503666127,s2,70.00,140.00,210.00,140,70,1.00,2.00,3.00,2,1,0.00,0.00,0,0
1503666127,s1-eth2,149550.00,6128812.00,6278362.00,6128812,149550,2021.00,4050.00,6071.00,4050,2021,0.00,0.00,0,0
1503666127,s1-eth1,6125854.00,149628.00,6275482.00,149628,6125854,4049.00,2022.00,6071.00,2022,4049,0.00,0.00,0,0
1503666127,s3,0.00,949.00,949.00,949,0,0.00,6.00,6.00,6,0,0.00,0.00,0,0
1503666127,s2-eth2,150433.00,6127228.00,6277661.00,6127228,150433,2026.00,4048.00,6074.00,4048,2026,0.00,0.00,0,0
1503666127,s2-eth1,6128812.00,149550.00,6278362.00,149550,6128812,4050.00,2021.00,6071.00,2021,4050,0.00,0.00,0,0
1503666127,lo,3280.00,3280.00,6560.00,3280,3280,35.00,35.00,70.00,35,35,0.00,0.00,0,0
1503666127,s3-eth2,150686.00,6127228.00,6277914.00,6127228,150686,2026.00,4048.00,6074.00,4048,2026,0.00,0.00,0,0
1503666127,s3-eth1,6127228.00,150433.00,6277661.00,150433,6127228,4048.00,2026.00,6074.00,2026,4048,0.00,0.00,0,0
1503666127,total,18835984.00,18837388.00,37673372.00,18837388,18835983,18257.00,18260.00,36517.00,18260,18257,0.00,0.00,0,0
1503666128,s1,0.00,342.00,342.00,342,0,0.00,1.00,1.00,1,0,0.00,0.00,0,0
1503666128,eth0,0.00,0.00,0.00,0,0,0.00,0.00,0.00,0,0,0.00,0.00,0,0
1503666128,eth1,0.00,0.00,0.00,0,0,0.00,0.00,0.00,0,0,0.00,0.00,0,0
1503666128,s2,0.00,684.00,684.00,684,0,0.00,2.00,2.00,2,0,0.00,0.00,0,0
1503666128,s1-eth2,151894.00,6200172.00,6352066.00,6200172,151894,2049.00,4096.00,6145.00,4096,2049,0.00,0.00,0,0
1503666128,s1-eth1,6200514.00,151552.00,6352066.00,151552,6200514,4097.00,2048.00,6145.00,2048,4097,0.00,0.00,0,0
1503666128,s3,0.00,342.00,342.00,342,0,0.00,1.00,1.00,1,0,0.00,0.00,0,0
1503666128,s2-eth2,151820.00,6201686.00,6353506.00,6201686,151820,2048.00,4097.00,6145.00,4097,2048,0.00,0.00,0,0
1503666128,s2-eth1,6200172.00,151894.00,6352066.00,151894,6200172,4096.00,2049.00,6145.00,2049,4096,0.00,0.00,0,0
1503666128,lo,1304.00,1304.00,2608.00,1304,1304,12.00,12.00,24.00,12,12,0.00,0.00,0,0
1503666128,s3-eth2,151894.00,6201344.00,6353238.00,6201344,151894,2049.00,4096.00,6145.00,4096,2049,0.00,0.00,0,0
1503666128,s3-eth1,6201686.00,151820.00,6353506.00,151820,6201686,4097.00,2048.00,6145.00,2048,4097,0.00,0.00,0,0
1503666128,total,19059284.00,19061140.00,38120424.00,19061140,19059284,18448.00,18450.00,36898.00,18450,18448,0.00,0.00,0,0
1503666129,s1,0.00,556.00,556.00,556,0,0.00,3.00,3.00,3,0,0.00,0.00,0,0
1503666129,eth0,0.00,0.00,0.00,0,0,0.00,0.00,0.00,0,0,0.00,0.00,0,0
1503666129,eth1,0.00,0.00,0.00,0,0,0.00,0.00,0.00,0,0,0.00,0.00,0,0
1503666129,s2,0.00,214.00,214.00,214,0,0.00,2.00,2.00,2,0,0.00,0.00,0,0
1503666129,s1-eth2,148329.00,6061098.00,6209427.00,6061098,148329,2004.00,4006.00,6010.00,4006,2004,0.00,0.00,0,0
1503666129,s1-eth1,6062719.00,148222.00,6210941.00,148222,6062719,4008.00,2003.00,6011.00,2003,4008,0.00,0.00,0,0
1503666129,s3,0.00,107.00,107.00,107,0,0.00,1.00,1.00,1,0,0.00,0.00,0,0
1503666129,s2-eth2,148329.00,6063677.00,6212006.00,6063677,148329,2004.00,4006.00,6010.00,4006,2004,0.00,0.00,0,0
1503666129,s2-eth1,6061098.00,148329.00,6209427.00,148329,6061098,4006.00,2004.00,6010.00,2004,4006,0.00,0.00,0,0
1503666129,lo,1851.00,1851.00,3702.00,1851,1851,18.00,18.00,36.00,18,18,0.00,0.00,0,0
1503666129,s3-eth2,148255.00,6068112.00,6216367.00,6068112,148255,2003.00,4008.00,6011.00,4008,2003,0.00,0.00,0,0
1503666129,s3-eth1,6063677.00,148329.00,6212006.00,148329,6063677,4006.00,2004.00,6010.00,2004,4006,0.00,0.00,0,0
1503666129,total,18634258.00,18640496.00,37274752.00,18640495,18634258,18049.00,18055.00,36104.00,18055,18049,0.00,0.00,0,0
1503666130,s1,0.00,280.00,280.00,280,0,0.00,4.00,4.00,4,0,0.00,0.00,0,0
1503666130,eth0,0.00,0.00,0.00,0,0,0.00,0.00,0.00,0,0,0.00,0.00,0,0
1503666130,eth1,0.00,0.00,0.00,0,0,0.00,0.00,0.00,0,0,0.00,0.00,0,0
1503666130,s2,0.00,280.00,280.00,280,0,0.00,4.00,4.00,4,0,0.00,0.00,0,0
1503666130,s1-eth2,149990.00,6133424.00,6283414.00,6133424,149990,2027.00,4054.00,6081.00,4054,2027,0.00,0.00,0,0
1503666130,s1-eth1,6128882.00,149772.00,6278654.00,149772,6128882,4051.00,2024.00,6075.00,2024,4051,0.00,0.00,0,0
1503666130,s3,70.00,247.00,317.00,247,70,1.00,3.00,4.00,3,1,0.00,0.00,0,0
1503666130,s2-eth2,150171.00,6133354.00,6283525.00,6133354,150171,2029.00,4053.00,6082.00,4053,2029,0.00,0.00,0,0
1503666130,s2-eth1,6133424.00,149990.00,6283414.00,149990,6133424,4054.00,2027.00,6081.00,2027,4054,0.00,0.00,0,0
1503666130,lo,3253.00,3253.00,6506.00,3253,3253,36.00,36.00,72.00,36,36,0.00,0.00,0,0
1503666130,s3-eth2,150422.00,6130186.00,6280608.00,6130186,150422,2032.00,4049.00,6081.00,4049,2032,0.00,0.00,0,0
1503666130,s3-eth1,6133354.00,150171.00,6283525.00,150171,6133354,4053.00,2029.00,6082.00,2029,4053,0.00,0.00,0,0
1503666130,total,18849566.00,18850956.00,37700524.00,18850957,18849566,18283.00,18283.00,36566.00,18283,18283,0.00,0.00,0,0
1503666131,s1,70.00,140.00,210.00,140,70,1.00,2.00,3.00,2,1,0.00,0.00,0,0
1503666131,eth0,0.00,0.00,0.00,0,0,0.00,0.00,0.00,0,0,0.00,0.00,0,0
1503666131,eth1,0.00,0.00,0.00,0,0,0.00,0.00,0.00,0,0,0.00,0.00,0,0
1503666131,s2,70.00,140.00,210.00,140,70,1.00,2.00,3.00,2,1,0.00,0.00,0,0
1503666131,s1-eth2,149476.00,6118214.00,6267690.00,6118214,149476,2020.00,4043.00,6063.00,4043,2020,0.00,0.00,0,0
1503666131,s1-eth1,6121382.00,149554.00,6270936.00,149554,6121382,4047.00,2021.00,6068.00,2021,4047,0.00,0.00,0,0
1503666131,s3,0.00,280.00,280.00,280,0,0.00,4.00,4.00,4,0,0.00,0.00,0,0
1503666131,s2-eth2,149616.00,6118144.00,6267760.00,6118144,149616,2022.00,4042.00,6064.00,4042,2022,0.00,0.00,0,0
1503666131,s2-eth1,6118214.00,149476.00,6267690.00,149476,6118214,4043.00,2020.00,6063.00,2020,4043,0.00,0.00,0,0
1503666131,lo,2680.00,2680.00,5360.00,2680,2680,30.00,30.00,60.00,30,30,0.00,0.00,0,0
1503666131,s3-eth2,149542.00,6115116.00,6264658.00,6115116,149542,2021.00,4040.00,6061.00,4040,2021,0.00,0.00,0,0
1503666131,s3-eth1,6118144.00,149616.00,6267760.00,149616,6118144,4042.00,2022.00,6064.00,2022,4042,0.00,0.00,0,0
1503666131,total,18809194.00,18803360.00,37612552.00,18803360,18809194,18227.00,18226.00,36453.00,18226,18227,0.00,0.00,0,0
1503666132,s1,0.00,0.00,0.00,0,0,0.00,0.00,0.00,0,0,0.00,0.00,0,0
1503666132,eth0,0.00,0.00,0.00,0,0,0.00,0.00,0.00,0,0,0.00,0.00,0,0
1503666132,eth1,0.00,0.00,0.00,0,0,0.00,0.00,0.00,0,0,0.00,0.00,0,0
1503666132,s2,0.00,0.00,0.00,0,0,0.00,0.00,0.00,0,0,0.00,0.00,0,0
1503666132,s1-eth2,151848.00,6214970.00,6366818.00,6214970,151848,2052.00,4105.00,6157.00,4105,2052,0.00,0.00,0,0
1503666132,s1-eth1,6213456.00,151848.00,6365304.00,151848,6213456,4104.00,2052.00,6156.00,2052,4104,0.00,0.00,0,0
1503666132,s3,0.00,0.00,0.00,0,0,0.00,0.00,0.00,0,0,0.00,0.00,0,0
1503666132,s2-eth2,151848.00,6213456.00,6365304.00,6213456,151848,2052.00,4104.00,6156.00,4104,2052,0.00,0.00,0,0
1503666132,s2-eth1,6214970.00,151848.00,6366818.00,151848,6214970,4105.00,2052.00,6157.00,2052,4105,0.00,0.00,0,0
1503666132,lo,0.00,0.00,0.00,0,0,0.00,0.00,0.00,0,0,0.00,0.00,0,0
1503666132,s3-eth2,151848.00,6213456.00,6365304.00,6213456,151848,2052.00,4104.00,6156.00,4104,2052,0.00,0.00,0,0
1503666132,s3-eth1,6213456.00,151848.00,6365304.00,151848,6213456,4104.00,2052.00,6156.00,2052,4104,0.00,0.00,0,0
1503666132,total,19097426.00,19097426.00,38194852.00,19097426,19097426,18469.00,18469.00,36938.00,18469,18469,0.00,0.00,0,0
1503666133,s1,0.00,0.00,0.00,0,0,0.00,0.00,0.00,0,0,0.00,0.00,0,0
1503666133,eth0,0.00,0.00,0.00,0,0,0.00,0.00,0.00,0,0,0.00,0.00,0,0
1503666133,eth1,0.00,0.00,0.00,0,0,0.00,0.00,0.00,0,0,0.00,0.00,0,0
1503666133,s2,0.00,0.00,0.00,0,0,0.00,0.00,0.00,0,0,0.00,0.00,0,0
1503666133,s1-eth2,150146.00,6143812.00,6293958.00,6143812,150146,2029.00,4058.00,6087.00,4058,2029,0.00,0.00,0,0
1503666133,s1-eth1,6143812.00,150146.00,6293958.00,150146,6143812,4058.00,2029.00,6087.00,2029,4058,0.00,0.00,0,0
1503666133,s3,0.00,0.00,0.00,0,0,0.00,0.00,0.00,0,0,0.00,0.00,0,0
1503666133,s2-eth2,150146.00,6145326.00,6295472.00,6145326,150146,2029.00,4059.00,6088.00,4059,2029,0.00,0.00,0,0
1503666133,s2-eth1,6143812.00,150146.00,6293958.00,150146,6143812,4058.00,2029.00,6087.00,2029,4058,0.00,0.00,0,0
1503666133,lo,0.00,0.00,0.00,0,0,0.00,0.00,0.00,0,0,0.00,0.00,0,0
1503666133,s3-eth2,150072.00,6145326.00,6295398.00,6145326,150072,2028.00,4059.00,6087.00,4059,2028,0.00,0.00,0,0
1503666133,s3-eth1,6145326.00,150146.00,6295472.00,150146,6145326,4059.00,2029.00,6088.00,2029,4059,0.00,0.00,0,0
1503666133,total,18883314.00,18884902.00,37768216.00,18884902,18883314,18261.00,18263.00,36524.00,18263,18261,0.00,0.00,0,0
1503666134,s1,0.00,0.00,0.00,0,0,0.00,0.00,0.00,0,0,0.00,0.00,0,0
1503666134,eth0,0.00,0.00,0.00,0,0,0.00,0.00,0.00,0,0,0.00,0.00,0,0
1503666134,eth1,0.00,0.00,0.00,0,0,0.00,0.00,0.00,0,0,0.00,0.00,0,0
1503666134,s2,0.00,0.00,0.00,0,0,0.00,0.00,0.00,0,0,0.00,0.00,0,0
1503666134,s1-eth2,151626.00,6202858.00,6354484.00,6202858,151626,2049.00,4097.00,6146.00,4097,2049,0.00,0.00,0,0
1503666134,s1-eth1,6202858.00,151552.00,6354410.00,151552,6202858,4097.00,2048.00,6145.00,2048,4097,0.00,0.00,0,0
1503666134,s3,0.00,342.00,342.00,342,0,0.00,1.00,1.00,1,0,0.00,0.00,0,0
1503666134,s2-eth2,151894.00,6201344.00,6353238.00,6201344,151894,2049.00,4096.00,6145.00,4096,2049,0.00,0.00,0,0
1503666134,s2-eth1,6202858.00,151626.00,6354484.00,151626,6202858,4097.00,2049.00,6146.00,2049,4097,0.00,0.00,0,0
1503666134,lo,326.00,326.00,652.00,326,326,3.00,3.00,6.00,3,3,0.00,0.00,0,0
1503666134,s3-eth2,151968.00,6201344.00,6353312.00,6201344,151968,2050.00,4096.00,6146.00,4096,2050,0.00,0.00,0,0
1503666134,s3-eth1,6201344.00,151894.00,6353238.00,151894,6201344,4096.00,2049.00,6145.00,2049,4096,0.00,0.00,0,0
1503666134,total,19062874.00,19061286.00,38124160.00,19061286,19062874,18441.00,18439.00,36880.00,18439,18441,0.00,0.00,0,0
1503666135,s1,0.00,684.00,684.00,684,0,0.00,2.00,2.00,2,0,0.00,0.00,0,0
1503666135,eth0,0.00,0.00,0.00,0,0,0.00,0.00,0.00,0,0,0.00,0.00,0,0
1503666135,eth1,0.00,0.00,0.00,0,0,0.00,0.00,0.00,0,0,0.00,0.00,0,0
1503666135,s2,0.00,342.00,342.00,342,0,0.00,1.00,1.00,1,0,0.00,0.00,0,0
1503666135,s1-eth2,151922.00,6218682.00,6370604.00,6218682,151922,2053.00,4109.00,6162.00,4109,2053,0.00,0.00,0,0
1503666135,s1-eth1,6217168.00,151922.00,6369090.00,151922,6217168,4108.00,2053.00,6161.00,2053,4108,0.00,0.00,0,0
1503666135,s3,0.00,0.00,0.00,0,0,0.00,0.00,0.00,0,0,0.00,0.00,0,0
1503666135,s2-eth2,151922.00,6218340.00,6370262.00,6218340,151922,2053.00,4108.00,6161.00,4108,2053,0.00,0.00,0,0
1503666135,s2-eth1,6218682.00,151922.00,6370604.00,151922,6218682,4109.00,2053.00,6162.00,2053,4109,0.00,0.00,0,0
1503666135,lo,978.00,978.00,1956.00,978,978,9.00,9.00,18.00,9,9,0.00,0.00,0,0
1503666135,s3-eth2,151922.00,6219512.00,6371434.00,6219512,151922,2053.00,4108.00,6161.00,4108,2053,0.00,0.00,0,0
1503666135,s3-eth1,6218340.00,151922.00,6370262.00,151922,6218340,4108.00,2053.00,6161.00,2053,4108,0.00,0.00,0,0
1503666135,total,19110934.00,19114304.00,38225240.00,19114304,19110934,18493.00,18496.00,36989.00,18496,18493,0.00,0.00,0,0
1503666136,s1,0.00,0.00,0.00,0,0,0.00,0.00,0.00,0,0,0.00,0.00,0,0
1503666136,eth0,0.00,0.00,0.00,0,0,0.00,0.00,0.00,0,0,0.00,0.00,0,0
1503666136,eth1,0.00,0.00,0.00,0,0,0.00,0.00,0.00,0,0,0.00,0.00,0,0
1503666136,s2,0.00,0.00,0.00,0,0,0.00,0.00,0.00,0,0,0.00,0.00,0,0
1503666136,s1-eth2,151108.00,6183176.00,6334284.00,6183176,151108,2042.00,4084.00,6126.00,4084,2042,0.00,0.00,0,0
1503666136,s1-eth1,6182004.00,151108.00,6333112.00,151108,6182004,4084.00,2042.00,6126.00,2042,4084,0.00,0.00,0,0
1503666136,s3,0.00,0.00,0.00,0,0,0.00,0.00,0.00,0,0,0.00,0.00,0,0
1503666136,s2-eth2,151108.00,6181662.00,6332770.00,6181662,151108,2042.00,4083.00,6125.00,4083,2042,0.00,0.00,0,0
1503666136,s2-eth1,6183176.00,151108.00,6334284.00,151108,6183176,4084.00,2042.00,6126.00,2042,4084,0.00,0.00,0,0
1503666136,lo,0.00,0.00,0.00,0,0,0.00,0.00,0.00,0,0,0.00,0.00,0,0
1503666136,s3-eth2,151108.00,6183176.00,6334284.00,6183176,151108,2042.00,4084.00,6126.00,4084,2042,0.00,0.00,0,0
1503666136,s3-eth1,6181662.00,151108.00,6332770.00,151108,6181662,4083.00,2042.00,6125.00,2042,4083,0.00,0.00,0,0
1503666136,total,19000166.00,19001338.00,38001504.00,19001338,19000166,18377.00,18377.00,36754.00,18377,18377,0.00,0.00,0,0
1503666137,s1,0.00,214.00,214.00,214,0,0.00,2.00,2.00,2,0,0.00,0.00,0,0
1503666137,eth0,0.00,0.00,0.00,0,0,0.00,0.00,0.00,0,0,0.00,0.00,0,0
1503666137,eth1,0.00,0.00,0.00,0,0,0.00,0.00,0.00,0,0,0.00,0.00,0,0
1503666137,s2,0.00,214.00,214.00,214,0,0.00,2.00,2.00,2,0,0.00,0.00,0,0
1503666137,s1-eth2,150845.00,6166736.00,6317581.00,6166736,150845,2038.00,4075.00,6113.00,4075,2038,0.00,0.00,0,0
1503666137,s1-eth1,6169871.00,150738.00,6320609.00,150738,6169871,4078.00,2037.00,6115.00,2037,4078,0.00,0.00,0,0
1503666137,s3,0.00,107.00,107.00,107,0,0.00,1.00,1.00,1,0,0.00,0.00,0,0
1503666137,s2-eth2,150845.00,6168143.00,6318988.00,6168143,150845,2038.00,4075.00,6113.00,4075,2038,0.00,0.00,0,0
1503666137,s2-eth1,6166736.00,150845.00,6317581.00,150845,6166736,4075.00,2038.00,6113.00,2038,4075,0.00,0.00,0,0
1503666137,lo,1525.00,1525.00,3050.00,1525,1525,15.00,15.00,30.00,15,15,0.00,0.00,0,0
1503666137,s3-eth2,150845.00,6168036.00,6318881.00,6168036,150845,2038.00,4074.00,6112.00,4074,2038,0.00,0.00,0,0
1503666137,s3-eth1,6168143.00,150845.00,6318988.00,150845,6168143,4075.00,2038.00,6113.00,2038,4075,0.00,0.00,0,0
1503666137,total,18958810.00,18957404.00,37916212.00,18957403,18958810,18357.00,18357.00,36714.00,18357,18357,0.00,0.00,0,0
1503666138,s1,0.00,0.00,0.00,0,0,0.00,0.00,0.00,0,0,0.00,0.00,0,0
1503666138,eth0,0.00,0.00,0.00,0,0,0.00,0.00,0.00,0,0,0.00,0.00,0,0
1503666138,eth1,0.00,0.00,0.00,0,0,0.00,0.00,0.00,0,0,0.00,0.00,0,0
1503666138,s2,0.00,0.00,0.00,0,0,0.00,0.00,0.00,0,0,0.00,0.00,0,0
1503666138,s1-eth2,152440.00,6234652.00,6387092.00,6234652,152440,2060.00,4118.00,6178.00,4118,2060,0.00,0.00,0,0
1503666138,s1-eth1,6234652.00,152440.00,6387092.00,152440,6234652,4118.00,2060.00,6178.00,2060,4118,0.00,0.00,0,0
1503666138,s3,0.00,107.00,107.00,107,0,0.00,1.00,1.00,1,0,0.00,0.00,0,0
1503666138,s2-eth2,152621.00,6233138.00,6385759.00,6233138,152621,2062.00,4117.00,6179.00,4117,2062,0.00,0.00,0,0
1503666138,s2-eth1,6234652.00,152440.00,6387092.00,152440,6234652,4118.00,2060.00,6178.00,2060,4118,0.00,0.00,0,0
1503666138,lo,305.00,305.00,610.00,305,305,3.00,3.00,6.00,3,3,0.00,0.00,0,0
1503666138,s3-eth2,152728.00,6233138.00,6385866.00,6233138,152728,2063.00,4117.00,6180.00,4117,2063,0.00,0.00,0,0
1503666138,s3-eth1,6233138.00,152621.00,6385759.00,152621,6233138,4117.00,2062.00,6179.00,2062,4117,0.00,0.00,0,0
1503666138,total,19160536.00,19158840.00,38319376.00,19158841,19160536,18541.00,18538.00,37079.00,18538,18541,0.00,0.00,0,0
1503666139,s1,0.00,0.00,0.00,0,0,0.00,0.00,0.00,0,0,0.00,0.00,0,0
1503666139,eth0,0.00,0.00,0.00,0,0,0.00,0.00,0.00,0,0,0.00,0.00,0,0
1503666139,eth1,0.00,0.00,0.00,0,0,0.00,0.00,0.00,0,0,0.00,0.00,0,0
1503666139,s2,0.00,0.00,0.00,0,0,0.00,0.00,0.00,0,0,0.00,0.00,0,0
1503666139,s1-eth2,151922.00,6219512.00,6371434.00,6219512,151922,2053.00,4108.00,6161.00,4108,2053,0.00,0.00,0,0
1503666139,s1-eth1,6219512.00,151996.00,6371508.00,151996,6219512,4108.00,2054.00,6162.00,2054,4108,0.00,0.00,0,0
1503666139,s3,0.00,0.00,0.00,0,0,0.00,0.00,0.00,0,0,0.00,0.00,0,0
1503666139,s2-eth2,151848.00,6221026.00,6372874.00,6221026,151848,2052.00,4109.00,6161.00,4109,2052,0.00,0.00,0,0
1503666139,s2-eth1,6219512.00,151922.00,6371434.00,151922,6219512,4108.00,2053.00,6161.00,2053,4108,0.00,0.00,0,0
1503666139,lo,0.00,0.00,0.00,0,0,0.00,0.00,0.00,0,0,0.00,0.00,0,0
1503666139,s3-eth2,151922.00,6222540.00,6374462.00,6222540,151922,2053.00,4110.00,6163.00,4110,2053,0.00,0.00,0,0
1503666139,s3-eth1,6221026.00,151848.00,6372874.00,151848,6221026,4109.00,2052.00,6161.00,2052,4109,0.00,0.00,0,0
1503666139,total,19115742.00,19118844.00,38234584.00,19118844,19115742,18483.00,18486.00,36969.00,18486,18483,0.00,0.00,0,0
1503666140,s1,0.00,0.00,0.00,0,0,0.00,0.00,0.00,0,0,0.00,0.00,0,0
1503666140,eth0,0.00,0.00,0.00,0,0,0.00,0.00,0.00,0,0,0.00,0.00,0,0
1503666140,eth1,0.00,0.00,0.00,0,0,0.00,0.00,0.00,0,0,0.00,0.00,0,0
1503666140,s2,0.00,0.00,0.00,0,0,0.00,0.00,0.00,0,0,0.00,0.00,0,0
1503666140,s1-eth2,150738.00,6165008.00,6315746.00,6165008,150738,2037.00,4072.00,6109.00,4072,2037,0.00,0.00,0,0
1503666140,s1-eth1,6166522.00,150664.00,6317186.00,150664,6166522,4073.00,2036.00,6109.00,2036,4073,0.00,0.00,0,0
1503666140,s3,0.00,0.00,0.00,0,0,0.00,0.00,0.00,0,0,0.00,0.00,0,0
1503666140,s2-eth2,150738.00,6165008.00,6315746.00,6165008,150738,2037.00,4072.00,6109.00,4072,2037,0.00,0.00,0,0
1503666140,s2-eth1,6165008.00,150738.00,6315746.00,150738,6165008,4072.00,2037.00,6109.00,2037,4072,0.00,0.00,0,0
1503666140,lo,0.00,0.00,0.00,0,0,0.00,0.00,0.00,0,0,0.00,0.00,0,0
1503666140,s3-eth2,150664.00,6165008.00,6315672.00,6165008,150664,2036.00,4072.00,6108.00,4072,2036,0.00,0.00,0,0
1503666140,s3-eth1,6165008.00,150738.00,6315746.00,150738,6165008,4072.00,2037.00,6109.00,2037,4072,0.00,0.00,0,0
1503666140,total,18948678.00,18947164.00,37895840.00,18947164,18948678,18327.00,18326.00,36653.00,18326,18327,0.00,0.00,0,0
1503666141,s1,0.00,0.00,0.00,0,0,0.00,0.00,0.00,0,0,0.00,0.00,0,0
1503666141,eth0,0.00,0.00,0.00,0,0,0.00,0.00,0.00,0,0,0.00,0.00,0,0
1503666141,eth1,0.00,0.00,0.00,0,0,0.00,0.00,0.00,0,0,0.00,0.00,0,0
1503666141,s2,0.00,342.00,342.00,342,0,0.00,1.00,1.00,1,0,0.00,0.00,0,0
1503666141,s1-eth2,150932.00,6166522.00,6317454.00,6166522,150932,2036.00,4073.00,6109.00,4073,2036,0.00,0.00,0,0
1503666141,s1-eth1,6165008.00,150664.00,6315672.00,150664,6165008,4072.00,2036.00,6108.00,2036,4072,0.00,0.00,0,0
1503666141,s3,0.00,342.00,342.00,342,0,0.00,1.00,1.00,1,0,0.00,0.00,0,0
1503666141,s2-eth2,151006.00,6165008.00,6316014.00,6165008,151006,2037.00,4072.00,6109.00,4072,2037,0.00,0.00,0,0
1503666141,s2-eth1,6166522.00,150932.00,6317454.00,150932,6166522,4073.00,2036.00,6109.00,2036,4073,0.00,0.00,0,0
1503666141,lo,824.00,824.00,1648.00,824,824,9.00,9.00,18.00,9,9,0.00,0.00,0,0
1503666141,s3-eth2,151006.00,6165008.00,6316014.00,6165008,151006,2037.00,4072.00,6109.00,4072,2037,0.00,0.00,0,0
1503666141,s3-eth1,6165008.00,151006.00,6316014.00,151006,6165008,4072.00,2037.00,6109.00,2037,4072,0.00,0.00,0,0
1503666141,total,18950306.00,18950648.00,37900952.00,18950648,18950306,18336.00,18337.00,36673.00,18337,18336,0.00,0.00,0,0
1503666142,s1,0.00,0.00,0.00,0,0,0.00,0.00,0.00,0,0,0.00,0.00,0,0
1503666142,eth0,0.00,0.00,0.00,0,0,0.00,0.00,0.00,0,0,0.00,0.00,0,0
1503666142,eth1,0.00,0.00,0.00,0,0,0.00,0.00,0.00,0,0,0.00,0.00,0,0
1503666142,s2,0.00,0.00,0.00,0,0,0.00,0.00,0.00,0,0,0.00,0.00,0,0
1503666142,s1-eth2,151922.00,6213456.00,6365378.00,6213456,151922,2053.00,4104.00,6157.00,4104,2053,0.00,0.00,0,0
1503666142,s1-eth1,6214970.00,151848.00,6366818.00,151848,6214970,4105.00,2052.00,6157.00,2052,4105,0.00,0.00,0,0
1503666142,s3,0.00,0.00,0.00,0,0,0.00,0.00,0.00,0,0,0.00,0.00,0,0
1503666142,s2-eth2,151848.00,6214970.00,6366818.00,6214970,151848,2052.00,4105.00,6157.00,4105,2052,0.00,0.00,0,0
1503666142,s2-eth1,6213456.00,151922.00,6365378.00,151922,6213456,4104.00,2053.00,6157.00,2053,4104,0.00,0.00,0,0
1503666142,lo,0.00,0.00,0.00,0,0,0.00,0.00,0.00,0,0,0.00,0.00,0,0
1503666142,s3-eth2,151848.00,6214970.00,6366818.00,6214970,151848,2052.00,4105.00,6157.00,4105,2052,0.00,0.00,0,0
1503666142,s3-eth1,6214970.00,151848.00,6366818.00,151848,6214970,4105.00,2052.00,6157.00,2052,4105,0.00,0.00,0,0
1503666142,total,19099014.00,19099014.00,38198028.00,19099014,19099014,18471.00,18471.00,36942.00,18471,18471,0.00,0.00,0,0
1503666143,s1,0.00,342.00,342.00,342,0,0.00,1.00,1.00,1,0,0.00,0.00,0,0
1503666143,eth0,0.00,0.00,0.00,0,0,0.00,0.00,0.00,0,0,0.00,0.00,0,0
1503666143,eth1,0.00,0.00,0.00,0,0,0.00,0.00,0.00,0,0,0.00,0.00,0,0
1503666143,s2,0.00,342.00,342.00,342,0,0.00,1.00,1.00,1,0,0.00,0.00,0,0
1503666143,s1-eth2,151034.00,6182004.00,6333038.00,6182004,151034,2041.00,4084.00,6125.00,4084,2041,0.00,0.00,0,0
1503666143,s1-eth1,6182004.00,151108.00,6333112.00,151108,6182004,4084.00,2042.00,6126.00,2042,4084,0.00,0.00,0,0
1503666143,s3,0.00,0.00,0.00,0,0,0.00,0.00,0.00,0,0,0.00,0.00,0,0
1503666143,s2-eth2,151034.00,6182004.00,6333038.00,6182004,151034,2041.00,4084.00,6125.00,4084,2041,0.00,0.00,0,0
1503666143,s2-eth1,6182004.00,151034.00,6333038.00,151034,6182004,4084.00,2041.00,6125.00,2041,4084,0.00,0.00,0,0
1503666143,lo,652.00,652.00,1304.00,652,652,6.00,6.00,12.00,6,6,0.00,0.00,0,0
1503666143,s3-eth2,151108.00,6181662.00,6332770.00,6181662,151108,2042.00,4083.00,6125.00,4083,2042,0.00,0.00,0,0
1503666143,s3-eth1,6182004.00,151034.00,6333038.00,151034,6182004,4084.00,2041.00,6125.00,2041,4084,0.00,0.00,0,0
1503666143,total,18999840.00,19000182.00,38000024.00,19000182,18999840,18382.00,18383.00,36765.00,18383,18382,0.00,0.00,0,0
1503666144,s1,0.00,0.00,0.00,0,0,0.00,0.00,0.00,0,0,0.00,0.00,0,0
1503666144,eth0,0.00,0.00,0.00,0,0,0.00,0.00,0.00,0,0,0.00,0.00,0,0
1503666144,eth1,0.00,0.00,0.00,0,0,0.00,0.00,0.00,0,0,0.00,0.00,0,0
1503666144,s2,0.00,0.00,0.00,0,0,0.00,0.00,0.00,0,0,0.00,0.00,0,0
1503666144,s1-eth2,151922.00,6213456.00,6365378.00,6213456,151922,2053.00,4104.00,6157.00,4104,2053,0.00,0.00,0,0
1503666144,s1-eth1,6212284.00,151922.00,6364206.00,151922,6212284,4104.00,2053.00,6157.00,2053,4104,0.00,0.00,0,0
1503666144,s3,0.00,0.00,0.00,0,0,0.00,0.00,0.00,0,0,0.00,0.00,0,0
1503666144,s2-eth2,151922.00,6214970.00,6366892.00,6214970,151922,2053.00,4105.00,6158.00,4105,2053,0.00,0.00,0,0
1503666144,s2-eth1,6213456.00,151922.00,6365378.00,151922,6213456,4104.00,2053.00,6157.00,2053,4104,0.00,0.00,0,0
1503666144,lo,0.00,0.00,0.00,0,0,0.00,0.00,0.00,0,0,0.00,0.00,0,0
1503666144,s3-eth2,151996.00,6214970.00,6366966.00,6214970,151996,2054.00,4105.00,6159.00,4105,2054,0.00,0.00,0,0
1503666144,s3-eth1,6214970.00,151922.00,6366892.00,151922,6214970,4105.00,2053.00,6158.00,2053,4105,0.00,0.00,0,0
1503666144,total,19096550.00,19099162.00,38195712.00,19099162,19096550,18473.00,18473.00,36946.00,18473,18473,0.00,0.00,0,0
1503666145,s1,0.00,0.00,0.00,0,0,0.00,0.00,0.00,0,0,0.00,0.00,0,0
1503666145,eth0,0.00,0.00,0.00,0,0,0.00,0.00,0.00,0,0,0.00,0.00,0,0
1503666145,eth1,0.00,0.00,0.00,0,0,0.00,0.00,0.00,0,0,0.00,0.00,0,0
1503666145,s2,0.00,0.00,0.00,0,0,0.00,0.00,0.00,0,0,0.00,0.00,0,0
1503666145,s1-eth2,149924.00,6134728.00,6284652.00,6134728,149924,2026.00,4052.00,6078.00,4052,2026,0.00,0.00,0,0
1503666145,s1-eth1,6136242.00,149850.00,6286092.00,149850,6136242,4053.00,2025.00,6078.00,2025,4053,0.00,0.00,0,0
1503666145,s3,0.00,0.00,0.00,0,0,0.00,0.00,0.00,0,0,0.00,0.00,0,0
1503666145,s2-eth2,149924.00,6133214.00,6283138.00,6133214,149924,2026.00,4051.00,6077.00,4051,2026,0.00,0.00,0,0
1503666145,s2-eth1,6134728.00,149924.00,6284652.00,149924,6134728,4052.00,2026.00,6078.00,2026,4052,0.00,0.00,0,0
1503666145,lo,0.00,0.00,0.00,0,0,0.00,0.00,0.00,0,0,0.00,0.00,0,0
1503666145,s3-eth2,149776.00,6133214.00,6282990.00,6133214,149776,2024.00,4051.00,6075.00,4051,2024,0.00,0.00,0,0
1503666145,s3-eth1,6133214.00,149924.00,6283138.00,149924,6133214,4051.00,2026.00,6077.00,2026,4051,0.00,0.00,0,0
1503666145,total,18853808.00,18850854.00,37704664.00,18850854,18853808,18232.00,18231.00,36463.00,18231,18232,0.00,0.00,0,0
1503666146,s1,0.00,0.00,0.00,0,0,0.00,0.00,0.00,0,0,0.00,0.00,0,0
1503666146,eth0,0.00,0.00,0.00,0,0,0.00,0.00,0.00,0,0,0.00,0.00,0,0
1503666146,eth1,0.00,0.00,0.00,0,0,0.00,0.00,0.00,0,0,0.00,0.00,0,0
1503666146,s2,0.00,0.00,0.00,0,0,0.00,0.00,0.00,0,0,0.00,0.00,0,0
1503666146,s1-eth2,150812.00,6171064.00,6321876.00,6171064,150812,2038.00,4076.00,6114.00,4076,2038,0.00,0.00,0,0
1503666146,s1-eth1,6171064.00,150812.00,6321876.00,150812,6171064,4076.00,2038.00,6114.00,2038,4076,0.00,0.00,0,0
1503666146,s3,0.00,0.00,0.00,0,0,0.00,0.00,0.00,0,0,0.00,0.00,0,0
1503666146,s2-eth2,150812.00,6169550.00,6320362.00,6169550,150812,2038.00,4075.00,6113.00,4075,2038,0.00,0.00,0,0
1503666146,s2-eth1,6171064.00,150812.00,6321876.00,150812,6171064,4076.00,2038.00,6114.00,2038,4076,0.00,0.00,0,0
1503666146,lo,172.00,172.00,344.00,172,172,3.00,3.00,6.00,3,3,0.00,0.00,0,0
1503666146,s3-eth2,150812.00,6172578.00,6323390.00,6172578,150812,2038.00,4077.00,6115.00,4077,2038,0.00,0.00,0,0
1503666146,s3-eth1,6169550.00,150812.00,6320362.00,150812,6169550,4075.00,2038.00,6113.00,2038,4075,0.00,0.00,0,0
1503666146,total,18964286.00,18965800.00,37930088.00,18965800,18964286,18344.00,18345.00,36689.00,18345,18344,0.00,0.00,0,0
1503666147,s1,0.00,0.00,0.00,0,0,0.00,0.00,0.00,0,0,0.00,0.00,0,0
1503666147,eth0,0.00,0.00,0.00,0,0,0.00,0.00,0.00,0,0,0.00,0.00,0,0
1503666147,eth1,0.00,0.00,0.00,0,0,0.00,0.00,0.00,0,0,0.00,0.00,0,0
1503666147,s2,0.00,0.00,0.00,0,0,0.00,0.00,0.00,0,0,0.00,0.00,0,0
1503666147,s1-eth2,151108.00,6184690.00,6335798.00,6184690,151108,2042.00,4085.00,6127.00,4085,2042,0.00,0.00,0,0
1503666147,s1-eth1,6184690.00,151182.00,6335872.00,151182,6184690,4085.00,2043.00,6128.00,2043,4085,0.00,0.00,0,0
1503666147,s3,0.00,0.00,0.00,0,0,0.00,0.00,0.00,0,0,0.00,0.00,0,0
1503666147,s2-eth2,151108.00,6186204.00,6337312.00,6186204,151108,2042.00,4086.00,6128.00,4086,2042,0.00,0.00,0,0
1503666147,s2-eth1,6184690.00,151108.00,6335798.00,151108,6184690,4085.00,2042.00,6127.00,2042,4085,0.00,0.00,0,0
1503666147,lo,344.00,344.00,688.00,344,344,6.00,6.00,12.00,6,6,0.00,0.00,0,0
1503666147,s3-eth2,151182.00,6187718.00,6338900.00,6187718,151182,2043.00,4087.00,6130.00,4087,2043,0.00,0.00,0,0
1503666147,s3-eth1,6186204.00,151108.00,6337312.00,151108,6186204,4086.00,2042.00,6128.00,2042,4086,0.00,0.00,0,0
1503666147,total,19009326.00,19012354.00,38021680.00,19012354,19009326,18389.00,18391.00,36780.00,18391,18389,0.00,0.00,0,0
1503666148,s1,0.00,0.00,0.00,0,0,0.00,0.00,0.00,0,0,0.00,0.00,0,0
1503666148,eth0,0.00,0.00,0.00,0,0,0.00,0.00,0.00,0,0,0.00,0.00,0,0
1503666148,eth1,0.00,0.00,0.00,0,0,0.00,0.00,0.00,0,0,0.00,0.00,0,0
1503666148,s2,0.00,0.00,0.00,0,0,0.00,0.00,0.00,0,0,0.00,0.00,0,0
1503666148,s1-eth2,151774.00,6208914.00,6360688.00,6208914,151774,2051.00,4101.00,6152.00,4101,2051,0.00,0.00,0,0
1503666148,s1-eth1,6210428.00,151700.00,6362128.00,151700,6210428,4102.00,2050.00,6152.00,2050,4102,0.00,0.00,0,0
1503666148,s3,0.00,0.00,0.00,0,0,0.00,0.00,0.00,0,0,0.00,0.00,0,0
1503666148,s2-eth2,151774.00,6210428.00,6362202.00,6210428,151774,2051.00,4102.00,6153.00,4102,2051,0.00,0.00,0,0
1503666148,s2-eth1,6208914.00,151774.00,6360688.00,151774,6208914,4101.00,2051.00,6152.00,2051,4101,0.00,0.00,0,0
1503666148,lo,0.00,0.00,0.00,0,0,0.00,0.00,0.00,0,0,0.00,0.00,0,0
1503666148,s3-eth2,151700.00,6211942.00,6363642.00,6211942,151700,2050.00,4103.00,6153.00,4103,2050,0.00,0.00,0,0
1503666148,s3-eth1,6210428.00,151774.00,6362202.00,151774,6210428,4102.00,2051.00,6153.00,2051,4102,0.00,0.00,0,0
1503666148,total,19085018.00,19086532.00,38171552.00,19086532,19085018,18457.00,18458.00,36915.00,18458,18457,0.00,0.00,0,0
1503666149,s1,0.00,342.00,342.00,342,0,0.00,1.00,1.00,1,0,0.00,0.00,0,0
1503666149,eth0,0.00,0.00,0.00,0,0,0.00,0.00,0.00,0,0,0.00,0.00,0,0
1503666149,eth1,0.00,0.00,0.00,0,0,0.00,0.00,0.00,0,0,0.00,0.00,0,0
1503666149,s2,0.00,0.00,0.00,0,0,0.00,0.00,0.00,0,0,0.00,0.00,0,0
1503666149,s1-eth2,151700.00,6209256.00,6360956.00,6209256,151700,2050.00,4102.00,6152.00,4102,2050,0.00,0.00,0,0
1503666149,s1-eth1,6209256.00,151774.00,6361030.00,151774,6209256,4102.00,2051.00,6153.00,2051,4102,0.00,0.00,0,0
1503666149,s3,0.00,0.00,0.00,0,0,0.00,0.00,0.00,0,0,0.00,0.00,0,0
1503666149,s2-eth2,151774.00,6208914.00,6360688.00,6208914,151774,2051.00,4101.00,6152.00,4101,2051,0.00,0.00,0,0
1503666149,s2-eth1,6209256.00,151700.00,6360956.00,151700,6209256,4102.00,2050.00,6152.00,2050,4102,0.00,0.00,0,0
1503666149,lo,326.00,326.00,652.00,326,326,3.00,3.00,6.00,3,3,0.00,0.00,0,0
1503666149,s3-eth2,151774.00,6211942.00,6363716.00,6211942,151774,2051.00,4103.00,6154.00,4103,2051,0.00,0.00,0,0
1503666149,s3-eth1,6208914.00,151774.00,6360688.00,151774,6208914,4101.00,2051.00,6152.00,2051,4101,0.00,0.00,0,0
1503666149,total,19083000.00,19086028.00,38169028.00,19086028,19083000,18460.00,18462.00,36922.00,18462,18460,0.00,0.00,0,0
1503666150,s1,0.00,0.00,0.00,0,0,0.00,0.00,0.00,0,0,0.00,0.00,0,0
1503666150,eth0,0.00,0.00,0.00,0,0,0.00,0.00,0.00,0,0,0.00,0.00,0,0
1503666150,eth1,0.00,0.00,0.00,0,0,0.00,0.00,0.00,0,0,0.00,0.00,0,0
1503666150,s2,0.00,0.00,0.00,0,0,0.00,0.00,0.00,0,0,0.00,0.00,0,0
1503666150,s1-eth2,151034.00,6180148.00,6331182.00,6180148,151034,2041.00,4082.00,6123.00,4082,2041,0.00,0.00,0,0
1503666150,s1-eth1,6178634.00,150960.00,6329594.00,150960,6178634,4081.00,2040.00,6121.00,2040,4081,0.00,0.00,0,0
1503666150,s3,0.00,0.00,0.00,0,0,0.00,0.00,0.00,0,0,0.00,0.00,0,0
1503666150,s2-eth2,150960.00,6178634.00,6329594.00,6178634,150960,2040.00,4081.00,6121.00,4081,2040,0.00,0.00,0,0
1503666150,s2-eth1,6180148.00,151034.00,6331182.00,151034,6180148,4082.00,2041.00,6123.00,2041,4082,0.00,0.00,0,0
1503666150,lo,0.00,0.00,0.00,0,0,0.00,0.00,0.00,0,0,0.00,0.00,0,0
1503666150,s3-eth2,150960.00,6180148.00,6331108.00,6180148,150960,2040.00,4082.00,6122.00,4082,2040,0.00,0.00,0,0
1503666150,s3-eth1,6178634.00,150960.00,6329594.00,150960,6178634,4081.00,2040.00,6121.00,2040,4081,0.00,0.00,0,0
1503666150,total,18990370.00,18991884.00,37982256.00,18991884,18990370,18365.00,18366.00,36731.00,18366,18365,0.00,0.00,0,0
1503666151,s1,0.00,0.00,0.00,0,0,0.00,0.00,0.00,0,0,0.00,0.00,0,0
1503666151,eth0,0.00,0.00,0.00,0,0,0.00,0.00,0.00,0,0,0.00,0.00,0,0
1503666151,eth1,0.00,0.00,0.00,0,0,0.00,0.00,0.00,0,0,0.00,0.00,0,0
1503666151,s2,0.00,0.00,0.00,0,0,0.00,0.00,0.00,0,0,0.00,0.00,0,0
1503666151,s1-eth2,150738.00,6171064.00,6321802.00,6171064,150738,2037.00,4076.00,6113.00,4076,2037,0.00,0.00,0,0
1503666151,s1-eth1,6169550.00,150812.00,6320362.00,150812,6169550,4075.00,2038.00,6113.00,2038,4075,0.00,0.00,0,0
1503666151,s3,0.00,0.00,0.00,0,0,0.00,0.00,0.00,0,0,0.00,0.00,0,0
1503666151,s2-eth2,150812.00,6172578.00,6323390.00,6172578,150812,2038.00,4077.00,6115.00,4077,2038,0.00,0.00,0,0
1503666151,s2-eth1,6171064.00,150738.00,6321802.00,150738,6171064,4076.00,2037.00,6113.00,2037,4076,0.00,0.00,0,0
1503666151,lo,172.00,172.00,344.00,172,172,3.00,3.00,6.00,3,3,0.00,0.00,0,0
1503666151,s3-eth2,150886.00,6174092.00,6324978.00,6174092,150886,2039.00,4078.00,6117.00,4078,2039,0.00,0.00,0,0
1503666151,s3-eth1,6172578.00,150812.00,6323390.00,150812,6172578,4077.00,2038.00,6115.00,2038,4077,0.00,0.00,0,0
1503666151,total,18965800.00,18970268.00,37936068.00,18970268,18965800,18345.00,18347.00,36692.00,18347,18345,0.00,0.00,0,0
1503666152,s1,0.00,0.00,0.00,0,0,0.00,0.00,0.00,0,0,0.00,0.00,0,0
1503666152,eth0,0.00,0.00,0.00,0,0,0.00,0.00,0.00,0,0,0.00,0.00,0,0
1503666152,eth1,0.00,0.00,0.00,0,0,0.00,0.00,0.00,0,0,0.00,0.00,0,0
1503666152,s2,0.00,0.00,0.00,0,0,0.00,0.00,0.00,0,0,0.00,0.00,0,0
1503666152,s1-eth2,150854.00,6169592.00,6320446.00,6169592,150854,2039.00,4076.00,6115.00,4076,2039,0.00,0.00,0,0
1503666152,s1-eth1,6169934.00,150780.00,6320714.00,150780,6169934,4077.00,2038.00,6115.00,2038,4077,0.00,0.00,0,0
1503666152,s3,0.00,342.00,342.00,342,0,0.00,1.00,1.00,1,0,0.00,0.00,0,0
1503666152,s2-eth2,151122.00,6169592.00,6320714.00,6169592,151122,2039.00,4076.00,6115.00,4076,2039,0.00,0.00,0,0
1503666152,s2-eth1,6169592.00,150854.00,6320446.00,150854,6169592,4076.00,2039.00,6115.00,2039,4076,0.00,0.00,0,0
1503666152,lo,1214.00,1214.00,2428.00,1214,1214,12.00,12.00,24.00,12,12,0.00,0.00,0,0
1503666152,s3-eth2,151048.00,6171106.00,6322154.00,6171106,151048,2038.00,4077.00,6115.00,4077,2038,0.00,0.00,0,0
1503666152,s3-eth1,6169592.00,151122.00,6320714.00,151122,6169592,4076.00,2039.00,6115.00,2039,4076,0.00,0.00,0,0
1503666152,total,18963356.00,18964602.00,37927960.00,18964602,18963356,18357.00,18358.00,36715.00,18358,18357,0.00,0.00,0,0
1503666153,s1,0.00,214.00,214.00,214,0,0.00,2.00,2.00,2,0,0.00,0.00,0,0
1503666153,eth0,0.00,0.00,0.00,0,0,0.00,0.00,0.00,0,0,0.00,0.00,0,0
1503666153,eth1,0.00,0.00,0.00,0,0,0.00,0.00,0.00,0,0,0.00,0.00,0,0
1503666153,s2,0.00,214.00,214.00,214,0,0.00,2.00,2.00,2,0,0.00,0.00,0,0
1503666153,s1-eth2,150549.00,6156138.00,6306687.00,6156138,150549,2034.00,4068.00,6102.00,4068,2034,0.00,0.00,0,0
1503666153,s1-eth1,6156245.00,150442.00,6306687.00,150442,6156245,4069.00,2033.00,6102.00,2033,4069,0.00,0.00,0,0
1503666153,s3,0.00,107.00,107.00,107,0,0.00,1.00,1.00,1,0,0.00,0.00,0,0
1503666153,s2-eth2,150549.00,6154517.00,6305066.00,6154517,150549,2034.00,4066.00,6100.00,4066,2034,0.00,0.00,0,0
1503666153,s2-eth1,6156138.00,150549.00,6306687.00,150549,6156138,4068.00,2034.00,6102.00,2034,4068,0.00,0.00,0,0
1503666153,lo,1525.00,1525.00,3050.00,1525,1525,15.00,15.00,30.00,15,15,0.00,0.00,0,0
1503666153,s3-eth2,150549.00,6154410.00,6304959.00,6154410,150549,2034.00,4065.00,6099.00,4065,2034,0.00,0.00,0,0
1503666153,s3-eth1,6154517.00,150549.00,6305066.00,150549,6154517,4066.00,2034.00,6100.00,2034,4066,0.00,0.00,0,0
1503666153,total,18920072.00,18918664.00,37838736.00,18918665,18920072,18320.00,18320.00,36640.00,18320,18320,0.00,0.00,0,0
1503666154,s1,0.00,0.00,0.00,0,0,0.00,0.00,0.00,0,0,0.00,0.00,0,0
1503666154,eth0,0.00,0.00,0.00,0,0,0.00,0.00,0.00,0,0,0.00,0.00,0,0
1503666154,eth1,0.00,0.00,0.00,0,0,0.00,0.00,0.00,0,0,0.00,0.00,0,0
1503666154,s2,0.00,0.00,0.00,0,0,0.00,0.00,0.00,0,0,0.00,0.00,0,0
1503666154,s1-eth2,151700.00,6205886.00,6357586.00,6205886,151700,2050.00,4099.00,6149.00,4099,2050,0.00,0.00,0,0
1503666154,s1-eth1,6205886.00,151700.00,6357586.00,151700,6205886,4099.00,2050.00,6149.00,2050,4099,0.00,0.00,0,0
1503666154,s3,0.00,107.00,107.00,107,0,0.00,1.00,1.00,1,0,0.00,0.00,0,0
1503666154,s2-eth2,151881.00,6205886.00,6357767.00,6205886,151881,2052.00,4099.00,6151.00,4099,2052,0.00,0.00,0,0
1503666154,s2-eth1,6205886.00,151700.00,6357586.00,151700,6205886,4099.00,2050.00,6149.00,2050,4099,0.00,0.00,0,0
1503666154,lo,305.00,305.00,610.00,305,305,3.00,3.00,6.00,3,3,0.00,0.00,0,0
1503666154,s3-eth2,152062.00,6205886.00,6357948.00,6205886,152062,2054.00,4099.00,6153.00,4099,2054,0.00,0.00,0,0
1503666154,s3-eth1,6205886.00,151881.00,6357767.00,151881,6205886,4099.00,2052.00,6151.00,2052,4099,0.00,0.00,0,0
1503666154,total,19073606.00,19073352.00,38146956.00,19073351,19073606,18456.00,18453.00,36909.00,18453,18456,0.00,0.00,0,0
1503666155,s1,0.00,0.00,0.00,0,0,0.00,0.00,0.00,0,0,0.00,0.00,0,0
1503666155,eth0,0.00,0.00,0.00,0,0,0.00,0.00,0.00,0,0,0.00,0.00,0,0
1503666155,eth1,0.00,0.00,0.00,0,0,0.00,0.00,0.00,0,0,0.00,0.00,0,0
1503666155,s2,0.00,0.00,0.00,0,0,0.00,0.00,0.00,0,0,0.00,0.00,0,0
1503666155,s1-eth2,152588.00,6245250.00,6397838.00,6245250,152588,2062.00,4125.00,6187.00,4125,2062,0.00,0.00,0,0
1503666155,s1-eth1,6245250.00,152662.00,6397912.00,152662,6245250,4125.00,2063.00,6188.00,2063,4125,0.00,0.00,0,0
1503666155,s3,0.00,0.00,0.00,0,0,0.00,0.00,0.00,0,0,0.00,0.00,0,0
1503666155,s2-eth2,152514.00,6245250.00,6397764.00,6245250,152514,2061.00,4125.00,6186.00,4125,2061,0.00,0.00,0,0
1503666155,s2-eth1,6245250.00,152588.00,6397838.00,152588,6245250,4125.00,2062.00,6187.00,2062,4125,0.00,0.00,0,0
1503666155,lo,0.00,0.00,0.00,0,0,0.00,0.00,0.00,0,0,0.00,0.00,0,0
1503666155,s3-eth2,152514.00,6245250.00,6397764.00,6245250,152514,2061.00,4125.00,6186.00,4125,2061,0.00,0.00,0,0
1503666155,s3-eth1,6245250.00,152514.00,6397764.00,152514,6245250,4125.00,2061.00,6186.00,2061,4125,0.00,0.00,0,0
1503666155,total,19193366.00,19193514.00,38386880.00,19193514,19193366,18559.00,18561.00,37120.00,18561,18559,0.00,0.00,0,0
1503666156,s1,0.00,342.00,342.00,342,0,0.00,1.00,1.00,1,0,0.00,0.00,0,0
1503666156,eth0,0.00,0.00,0.00,0,0,0.00,0.00,0.00,0,0,0.00,0.00,0,0
1503666156,eth1,0.00,0.00,0.00,0,0,0.00,0.00,0.00,0,0,0.00,0.00,0,0
1503666156,s2,0.00,342.00,342.00,342,0,0.00,1.00,1.00,1,0,0.00,0.00,0,0
1503666156,s1-eth2,150442.00,6157780.00,6308222.00,6157780,150442,2033.00,4068.00,6101.00,4068,2033,0.00,0.00,0,0
1503666156,s1-eth1,6157780.00,150442.00,6308222.00,150442,6157780,4068.00,2033.00,6101.00,2033,4068,0.00,0.00,0,0
1503666156,s3,0.00,0.00,0.00,0,0,0.00,0.00,0.00,0,0,0.00,0.00,0,0
1503666156,s2-eth2,150442.00,6156266.00,6306708.00,6156266,150442,2033.00,4067.00,6100.00,4067,2033,0.00,0.00,0,0
1503666156,s2-eth1,6157780.00,150442.00,6308222.00,150442,6157780,4068.00,2033.00,6101.00,2033,4068,0.00,0.00,0,0
1503666156,lo,652.00,652.00,1304.00,652,652,6.00,6.00,12.00,6,6,0.00,0.00,0,0
1503666156,s3-eth2,150442.00,6157438.00,6307880.00,6157438,150442,2033.00,4067.00,6100.00,4067,2033,0.00,0.00,0,0
1503666156,s3-eth1,6156266.00,150442.00,6306708.00,150442,6156266,4067.00,2033.00,6100.00,2033,4067,0.00,0.00,0,0
1503666156,total,18923804.00,18924146.00,37847952.00,18924146,18923804,18308.00,18309.00,36617.00,18309,18308,0.00,0.00,0,0
1503666157,s1,0.00,0.00,0.00,0,0,0.00,0.00,0.00,0,0,0.00,0.00,0,0
1503666157,eth0,0.00,0.00,0.00,0,0,0.00,0.00,0.00,0,0,0.00,0.00,0,0
1503666157,eth1,0.00,0.00,0.00,0,0,0.00,0.00,0.00,0,0,0.00,0.00,0,0
1503666157,s2,0.00,0.00,0.00,0,0,0.00,0.00,0.00,0,0,0.00,0.00,0,0
1503666157,s1-eth2,150664.00,6165008.00,6315672.00,6165008,150664,2036.00,4072.00,6108.00,4072,2036,0.00,0.00,0,0
1503666157,s1-eth1,6165008.00,150664.00,6315672.00,150664,6165008,4072.00,2036.00,6108.00,2036,4072,0.00,0.00,0,0
1503666157,s3,0.00,0.00,0.00,0,0,0.00,0.00,0.00,0,0,0.00,0.00,0,0
1503666157,s2-eth2,150738.00,6165008.00,6315746.00,6165008,150738,2037.00,4072.00,6109.00,4072,2037,0.00,0.00,0,0
1503666157,s2-eth1,6165008.00,150664.00,6315672.00,150664,6165008,4072.00,2036.00,6108.00,2036,4072,0.00,0.00,0,0
1503666157,lo,0.00,0.00,0.00,0,0,0.00,0.00,0.00,0,0,0.00,0.00,0,0
1503666157,s3-eth2,150664.00,6166522.00,6317186.00,6166522,150664,2036.00,4073.00,6109.00,4073,2036,0.00,0.00,0,0
1503666157,s3-eth1,6165008.00,150738.00,6315746.00,150738,6165008,4072.00,2037.00,6109.00,2037,4072,0.00,0.00,0,0
1503666157,total,18947090.00,18948604.00,37895696.00,18948604,18947090,18325.00,18326.00,36651.00,18326,18325,0.00,0.00,0,0
1503666158,s1,0.00,0.00,0.00,0,0,0.00,0.00,0.00,0,0,0.00,0.00,0,0
1503666158,eth0,0.00,0.00,0.00,0,0,0.00,0.00,0.00,0,0,0.00,0.00,0,0
1503666158,eth1,0.00,0.00,0.00,0,0,0.00,0.00,0.00,0,0,0.00,0.00,0,0
1503666158,s2,0.00,0.00,0.00,0,0,0.00,0.00,0.00,0,0,0.00,0.00,0,0
1503666158,s1-eth2,151848.00,6211942.00,6363790.00,6211942,151848,2052.00,4103.00,6155.00,4103,2052,0.00,0.00,0,0
1503666158,s1-eth1,6210428.00,151774.00,6362202.00,151774,6210428,4102.00,2051.00,6153.00,2051,4102,0.00,0.00,0,0
1503666158,s3,0.00,0.00,0.00,0,0,0.00,0.00,0.00,0,0,0.00,0.00,0,0
1503666158,s2-eth2,151774.00,6213456.00,6365230.00,6213456,151774,2051.00,4104.00,6155.00,4104,2051,0.00,0.00,0,0
1503666158,s2-eth1,6211942.00,151848.00,6363790.00,151848,6211942,4103.00,2052.00,6155.00,2052,4103,0.00,0.00,0,0
1503666158,lo,172.00,172.00,344.00,172,172,3.00,3.00,6.00,3,3,0.00,0.00,0,0
1503666158,s3-eth2,151774.00,6211942.00,6363716.00,6211942,151774,2051.00,4103.00,6154.00,4103,2051,0.00,0.00,0,0
1503666158,s3-eth1,6213456.00,151774.00,6365230.00,151774,6213456,4104.00,2051.00,6155.00,2051,4104,0.00,0.00,0,0
1503666158,total,19091394.00,19092908.00,38184304.00,19092908,19091394,18466.00,18467.00,36933.00,18467,18466,0.00,0.00,0,0
1503666159,s1,0.00,0.00,0.00,0,0,0.00,0.00,0.00,0,0,0.00,0.00,0,0
1503666159,eth0,0.00,0.00,0.00,0,0,0.00,0.00,0.00,0,0,0.00,0.00,0,0
1503666159,eth1,0.00,0.00,0.00,0,0,0.00,0.00,0.00,0,0,0.00,0.00,0,0
1503666159,s2,0.00,0.00,0.00,0,0,0.00,0.00,0.00,0,0,0.00,0.00,0,0
1503666159,s1-eth2,152366.00,6237680.00,6390046.00,6237680,152366,2059.00,4120.00,6179.00,4120,2059,0.00,0.00,0,0
1503666159,s1-eth1,6237680.00,152440.00,6390120.00,152440,6237680,4120.00,2060.00,6180.00,2060,4120,0.00,0.00,0,0
1503666159,s3,0.00,0.00,0.00,0,0,0.00,0.00,0.00,0,0,0.00,0.00,0,0
1503666159,s2-eth2,152440.00,6236166.00,6388606.00,6236166,152440,2060.00,4119.00,6179.00,4119,2060,0.00,0.00,0,0
1503666159,s2-eth1,6237680.00,152366.00,6390046.00,152366,6237680,4120.00,2059.00,6179.00,2059,4120,0.00,0.00,0,0
1503666159,lo,0.00,0.00,0.00,0,0,0.00,0.00,0.00,0,0,0.00,0.00,0,0
1503666159,s3-eth2,152440.00,6237680.00,6390120.00,6237680,152440,2060.00,4120.00,6180.00,4120,2060,0.00,0.00,0,0
1503666159,s3-eth1,6236166.00,152440.00,6388606.00,152440,6236166,4119.00,2060.00,6179.00,2060,4119,0.00,0.00,0,0
1503666159,total,19168772.00,19168772.00,38337544.00,19168772,19168772,18538.00,18538.00,37076.00,18538,18538,0.00,0.00,0,0
1503666160,s1,0.00,0.00,0.00,0,0,0.00,0.00,0.00,0,0,0.00,0.00,0,0
1503666160,eth0,0.00,0.00,0.00,0,0,0.00,0.00,0.00,0,0,0.00,0.00,0,0
1503666160,eth1,0.00,0.00,0.00,0,0,0.00,0.00,0.00,0,0,0.00,0.00,0,0
1503666160,s2,0.00,0.00,0.00,0,0,0.00,0.00,0.00,0,0,0.00,0.00,0,0
1503666160,s1-eth2,151996.00,6216484.00,6368480.00,6216484,151996,2054.00,4106.00,6160.00,4106,2054,0.00,0.00,0,0
1503666160,s1-eth1,6217998.00,151922.00,6369920.00,151922,6217998,4107.00,2053.00,6160.00,2053,4107,0.00,0.00,0,0
1503666160,s3,0.00,0.00,0.00,0,0,0.00,0.00,0.00,0,0,0.00,0.00,0,0
1503666160,s2-eth2,151922.00,6217998.00,6369920.00,6217998,151922,2053.00,4107.00,6160.00,4107,2053,0.00,0.00,0,0
1503666160,s2-eth1,6216484.00,151996.00,6368480.00,151996,6216484,4106.00,2054.00,6160.00,2054,4106,0.00,0.00,0,0
1503666160,lo,0.00,0.00,0.00,0,0,0.00,0.00,0.00,0,0,0.00,0.00,0,0
1503666160,s3-eth2,151996.00,6217998.00,6369994.00,6217998,151996,2054.00,4107.00,6161.00,4107,2054,0.00,0.00,0,0
1503666160,s3-eth1,6217998.00,151922.00,6369920.00,151922,6217998,4107.00,2053.00,6160.00,2053,4107,0.00,0.00,0,0
1503666160,total,19108394.00,19108320.00,38216712.00,19108320,19108394,18481.00,18480.00,36961.00,18480,18481,0.00,0.00,0,0
1503666161,s1,0.00,0.00,0.00,0,0,0.00,0.00,0.00,0,0,0.00,0.00,0,0
1503666161,eth0,0.00,0.00,0.00,0,0,0.00,0.00,0.00,0,0,0.00,0.00,0,0
1503666161,eth1,0.00,0.00,0.00,0,0,0.00,0.00,0.00,0,0,0.00,0.00,0,0
1503666161,s2,0.00,0.00,0.00,0,0,0.00,0.00,0.00,0,0,0.00,0.00,0,0
1503666161,s1-eth2,149850.00,6125644.00,6275494.00,6125644,149850,2025.00,4046.00,6071.00,4046,2025,0.00,0.00,0,0
1503666161,s1-eth1,6125644.00,149850.00,6275494.00,149850,6125644,4046.00,2025.00,6071.00,2025,4046,0.00,0.00,0,0
1503666161,s3,0.00,342.00,342.00,342,0,0.00,1.00,1.00,1,0,0.00,0.00,0,0
1503666161,s2-eth2,150340.00,6124130.00,6274470.00,6124130,150340,2028.00,4045.00,6073.00,4045,2028,0.00,0.00,0,0
1503666161,s2-eth1,6125644.00,149850.00,6275494.00,149850,6125644,4046.00,2025.00,6071.00,2025,4046,0.00,0.00,0,0
1503666161,lo,670.00,670.00,1340.00,670,670,9.00,9.00,18.00,9,9,0.00,0.00,0,0
1503666161,s3-eth2,150266.00,6125644.00,6275910.00,6125644,150266,2027.00,4046.00,6073.00,4046,2027,0.00,0.00,0,0
1503666161,s3-eth1,6124130.00,150340.00,6274470.00,150340,6124130,4045.00,2028.00,6073.00,2028,4045,0.00,0.00,0,0
1503666161,total,18826544.00,18826470.00,37653016.00,18826470,18826544,18226.00,18225.00,36451.00,18225,18226,0.00,0.00,0,0
1503666162,s1,0.00,0.00,0.00,0,0,0.00,0.00,0.00,0,0,0.00,0.00,0,0
1503666162,eth0,0.00,0.00,0.00,0,0,0.00,0.00,0.00,0,0,0.00,0.00,0,0
1503666162,eth1,0.00,0.00,0.00,0,0,0.00,0.00,0.00,0,0,0.00,0.00,0,0
1503666162,s2,0.00,0.00,0.00,0,0,0.00,0.00,0.00,0,0,0.00,0.00,0,0
1503666162,s1-eth2,151626.00,6205886.00,6357512.00,6205886,151626,2049.00,4099.00,6148.00,4099,2049,0.00,0.00,0,0
1503666162,s1-eth1,6207400.00,151552.00,6358952.00,151552,6207400,4100.00,2048.00,6148.00,2048,4100,0.00,0.00,0,0
1503666162,s3,0.00,0.00,0.00,0,0,0.00,0.00,0.00,0,0,0.00,0.00,0,0
1503666162,s2-eth2,151552.00,6208914.00,6360466.00,6208914,151552,2048.00,4101.00,6149.00,4101,2048,0.00,0.00,0,0
1503666162,s2-eth1,6205886.00,151626.00,6357512.00,151626,6205886,4099.00,2049.00,6148.00,2049,4099,0.00,0.00,0,0
1503666162,lo,0.00,0.00,0.00,0,0,0.00,0.00,0.00,0,0,0.00,0.00,0,0
1503666162,s3-eth2,151700.00,6205886.00,6357586.00,6205886,151700,2050.00,4099.00,6149.00,4099,2050,0.00,0.00,0,0
1503666162,s3-eth1,6208914.00,151552.00,6360466.00,151552,6208914,4101.00,2048.00,6149.00,2048,4101,0.00,0.00,0,0
1503666162,total,19077078.00,19075416.00,38152496.00,19075416,19077078,18447.00,18444.00,36891.00,18444,18447,0.00,0.00,0,0
1503666163,s1,0.00,0.00,0.00,0,0,0.00,0.00,0.00,0,0,0.00,0.00,0,0
1503666163,eth0,0.00,0.00,0.00,0,0,0.00,0.00,0.00,0,0,0.00,0.00,0,0
1503666163,eth1,0.00,0.00,0.00,0,0,0.00,0.00,0.00,0,0,0.00,0.00,0,0
1503666163,s2,0.00,342.00,342.00,342,0,0.00,1.00,1.00,1,0,0.00,0.00,0,0
1503666163,s1-eth2,152264.00,6221026.00,6373290.00,6221026,152264,2054.00,4109.00,6163.00,4109,2054,0.00,0.00,0,0
1503666163,s1-eth1,6219854.00,152070.00,6371924.00,152070,6219854,4109.00,2055.00,6164.00,2055,4109,0.00,0.00,0,0
1503666163,s3,0.00,342.00,342.00,342,0,0.00,1.00,1.00,1,0,0.00,0.00,0,0
1503666163,s2-eth2,152190.00,6219512.00,6371702.00,6219512,152190,2053.00,4108.00,6161.00,4108,2053,0.00,0.00,0,0
1503666163,s2-eth1,6221026.00,152264.00,6373290.00,152264,6221026,4109.00,2054.00,6163.00,2054,4109,0.00,0.00,0,0
1503666163,lo,652.00,652.00,1304.00,652,652,6.00,6.00,12.00,6,6,0.00,0.00,0,0
1503666163,s3-eth2,152116.00,6219512.00,6371628.00,6219512,152116,2052.00,4108.00,6160.00,4108,2052,0.00,0.00,0,0
1503666163,s3-eth1,6219512.00,152190.00,6371702.00,152190,6219512,4108.00,2053.00,6161.00,2053,4108,0.00,0.00,0,0
1503666163,total,19117614.00,19117910.00,38235524.00,19117910,19117614,18491.00,18495.00,36986.00,18495,18491,0.00,0.00,0,0
1503666164,s1,0.00,0.00,0.00,0,0,0.00,0.00,0.00,0,0,0.00,0.00,0,0
1503666164,eth0,0.00,0.00,0.00,0,0,0.00,0.00,0.00,0,0,0.00,0.00,0,0
1503666164,eth1,0.00,0.00,0.00,0,0,0.00,0.00,0.00,0,0,0.00,0.00,0,0
1503666164,s2,0.00,0.00,0.00,0,0,0.00,0.00,0.00,0,0,0.00,0.00,0,0
1503666164,s1-eth2,150886.00,6172578.00,6323464.00,6172578,150886,2039.00,4077.00,6116.00,4077,2039,0.00,0.00,0,0
1503666164,s1-eth1,6174092.00,150886.00,6324978.00,150886,6174092,4078.00,2039.00,6117.00,2039,4078,0.00,0.00,0,0
1503666164,s3,0.00,0.00,0.00,0,0,0.00,0.00,0.00,0,0,0.00,0.00,0,0
1503666164,s2-eth2,150886.00,6174092.00,6324978.00,6174092,150886,2039.00,4078.00,6117.00,4078,2039,0.00,0.00,0,0
1503666164,s2-eth1,6172578.00,150886.00,6323464.00,150886,6172578,4077.00,2039.00,6116.00,2039,4077,0.00,0.00,0,0
1503666164,lo,0.00,0.00,0.00,0,0,0.00,0.00,0.00,0,0,0.00,0.00,0,0
1503666164,s3-eth2,150886.00,6174092.00,6324978.00,6174092,150886,2039.00,4078.00,6117.00,4078,2039,0.00,0.00,0,0
1503666164,s3-eth1,6174092.00,150886.00,6324978.00,150886,6174092,4078.00,2039.00,6117.00,2039,4078,0.00,0.00,0,0
1503666164,total,18973420.00,18973420.00,37946840.00,18973420,18973420,18350.00,18350.00,36700.00,18350,18350,0.00,0.00,0,0
1503666165,s1,0.00,0.00,0.00,0,0,0.00,0.00,0.00,0,0,0.00,0.00,0,0
1503666165,eth0,0.00,0.00,0.00,0,0,0.00,0.00,0.00,0,0,0.00,0.00,0,0
1503666165,eth1,0.00,0.00,0.00,0,0,0.00,0.00,0.00,0,0,0.00,0.00,0,0
1503666165,s2,0.00,0.00,0.00,0,0,0.00,0.00,0.00,0,0,0.00,0.00,0,0
1503666165,s1-eth2,152657.34,6242036.00,6394693.50,6248278,152810,2062.94,4122.88,6185.81,4127,2065,0.00,0.00,0,0
1503666165,s1-eth1,6240523.50,152509.50,6393033.00,152662,6246764,4121.88,2060.94,6182.82,2063,4126,0.00,0.00,0,0
1503666165,s3,0.00,0.00,0.00,0,0,0.00,0.00,0.00,0,0,0.00,0.00,0,0
1503666165,s2-eth2,152731.27,6240523.50,6393255.00,6246764,152884,2063.94,4121.88,6185.81,4126,2066,0.00,0.00,0,0
1503666165,s2-eth1,6242036.00,152657.34,6394693.50,152810,6248278,4122.88,2062.94,6185.81,2065,4127,0.00,0.00,0,0
1503666165,lo,0.00,0.00,0.00,0,0,0.00,0.00,0.00,0,0,0.00,0.00,0,0
1503666165,s3-eth2,152657.34,6240523.50,6393181.00,6246764,152810,2062.94,4121.88,6184.82,4126,2065,0.00,0.00,0,0
1503666165,s3-eth1,6240523.50,152731.27,6393255.00,152884,6246764,4121.88,2063.94,6185.81,2066,4126,0.00,0.00,0,0
1503666165,total,19181130.00,19180982.00,38362112.00,19200162,19200310,18556.44,18554.45,37110.89,18573,18575,0.00,0.00,0,0
1503666166,s1,0.00,0.00,0.00,0,0,0.00,0.00,0.00,0,0,0.00,0.00,0,0
1503666166,eth0,0.00,0.00,0.00,0,0,0.00,0.00,0.00,0,0,0.00,0.00,0,0
1503666166,eth1,0.00,0.00,0.00,0,0,0.00,0.00,0.00,0,0,0.00,0.00,0,0
1503666166,s2,0.00,0.00,0.00,0,0,0.00,0.00,0.00,0,0,0.00,0.00,0,0
1503666166,s1-eth2,141858.00,5777424.00,5919282.00,5777424,141858,1917.00,3816.00,5733.00,3816,1917,0.00,0.00,0,0
1503666166,s1-eth1,5780452.00,141488.00,5921940.00,141488,5780452,3818.00,1912.00,5730.00,1912,3818,0.00,0.00,0,0
1503666166,s3,0.00,0.00,0.00,0,0,0.00,0.00,0.00,0,0,0.00,0.00,0,0
1503666166,s2-eth2,142080.00,5772882.00,5914962.00,5772882,142080,1920.00,3813.00,5733.00,3813,1920,0.00,0.00,0,0
1503666166,s2-eth1,5777424.00,141858.00,5919282.00,141858,5777424,3816.00,1917.00,5733.00,1917,3816,0.00,0.00,0,0
1503666166,lo,172.00,172.00,344.00,172,172,3.00,3.00,6.00,3,3,0.00,0.00,0,0
1503666166,s3-eth2,142154.00,5750172.00,5892326.00,5750172,142154,1921.00,3798.00,5719.00,3798,1921,0.00,0.00,0,0
1503666166,s3-eth1,5772882.00,142080.00,5914962.00,142080,5772882,3813.00,1920.00,5733.00,1920,3813,0.00,0.00,0,0
1503666166,total,17757022.00,17726076.00,35483096.00,17726076,17757022,17208.00,17179.00,34387.00,17179,17208,0.00,0.00,0,0
1503666167,s1,0.00,0.00,0.00,0,0,0.00,0.00,0.00,0,0,0.00,0.00,0,0
1503666167,eth0,0.00,0.00,0.00,0,0,0.00,0.00,0.00,0,0,0.00,0.00,0,0
1503666167,eth1,107.00,0.00,107.00,0,107,1.00,0.00,1.00,0,1,0.00,0.00,0,0
1503666167,s2,0.00,0.00,0.00,0,0,0.00,0.00,0.00,0,0,0.00,0.00,0,0
1503666167,s1-eth2,146742.00,6036318.00,6183060.00,6036318,146742,1983.00,3987.00,5970.00,3987,1983,0.00,0.00,0,0
1503666167,s1-eth1,6034804.00,147186.00,6181990.00,147186,6034804,3986.00,1989.00,5975.00,1989,3986,0.00,0.00,0,0
1503666167,s3,0.00,0.00,0.00,0,0,0.00,0.00,0.00,0,0,0.00,0.00,0,0
1503666167,s2-eth2,146446.00,6037832.00,6184278.00,6037832,146446,1979.00,3988.00,5967.00,3988,1979,0.00,0.00,0,0
1503666167,s2-eth1,6036318.00,146742.00,6183060.00,146742,6036318,3987.00,1983.00,5970.00,1983,3987,0.00,0.00,0,0
1503666167,lo,0.00,0.00,0.00,0,0,0.00,0.00,0.00,0,0,0.00,0.00,0,0
1503666167,s3-eth2,146372.00,6039346.00,6185718.00,6039346,146372,1978.00,3989.00,5967.00,3989,1978,0.00,0.00,0,0
1503666167,s3-eth1,6037832.00,146446.00,6184278.00,146446,6037832,3988.00,1979.00,5967.00,1979,3988,0.00,0.00,0,0
1503666167,total,18548620.00,18553870.00,37102492.00,18553870,18548621,17902.00,17915.00,35817.00,17915,17902,0.00,0.00,0,0
1503666168,s1,0.00,0.00,0.00,0,0,0.00,0.00,0.00,0,0,0.00,0.00,0,0
1503666168,eth0,0.00,0.00,0.00,0,0,0.00,0.00,0.00,0,0,0.00,0.00,0,0
1503666168,eth1,0.00,0.00,0.00,0,0,0.00,0.00,0.00,0,0,0.00,0.00,0,0
1503666168,s2,0.00,0.00,0.00,0,0,0.00,0.00,0.00,0,0,0.00,0.00,0,0
1503666168,s1-eth2,151848.00,6214970.00,6366818.00,6214970,151848,2052.00,4105.00,6157.00,4105,2052,0.00,0.00,0,0
1503666168,s1-eth1,6214970.00,151922.00,6366892.00,151922,6214970,4105.00,2053.00,6158.00,2053,4105,0.00,0.00,0,0
1503666168,s3,0.00,0.00,0.00,0,0,0.00,0.00,0.00,0,0,0.00,0.00,0,0
1503666168,s2-eth2,151922.00,6214970.00,6366892.00,6214970,151922,2053.00,4105.00,6158.00,4105,2053,0.00,0.00,0,0
1503666168,s2-eth1,6214970.00,151848.00,6366818.00,151848,6214970,4105.00,2052.00,6157.00,2052,4105,0.00,0.00,0,0
1503666168,lo,344.00,344.00,688.00,344,344,6.00,6.00,12.00,6,6,0.00,0.00,0,0
1503666168,s3-eth2,151922.00,6216484.00,6368406.00,6216484,151922,2053.00,4106.00,6159.00,4106,2053,0.00,0.00,0,0
1503666168,s3-eth1,6214970.00,151922.00,6366892.00,151922,6214970,4105.00,2053.00,6158.00,2053,4105,0.00,0.00,0,0
1503666168,total,19100946.00,19102460.00,38203408.00,19102460,19100946,18479.00,18480.00,36959.00,18480,18479,0.00,0.00,0,0
1503666169,s1,0.00,904.00,904.00,904,0,0.00,4.00,4.00,4,0,0.00,0.00,0,0
1503666169,eth0,0.00,0.00,0.00,0,0,0.00,0.00,0.00,0,0,0.00,0.00,0,0
1503666169,eth1,0.00,0.00,0.00,0,0,0.00,0.00,0.00,0,0,0.00,0.00,0,0
1503666169,s2,0.00,982.00,982.00,982,0,0.00,5.00,5.00,5,0,0.00,0.00,0,0
1503666169,s1-eth2,135728.00,5484612.00,5620340.00,5484612,135728,1830.00,3626.00,5456.00,3626,1830,0.00,0.00,0,0
1503666169,s1-eth1,5506260.00,134976.00,5641236.00,134976,5506260,3642.00,1824.00,5466.00,1824,3642,0.00,0.00,0,0
1503666169,s3,0.00,982.00,982.00,982,0,0.00,5.00,5.00,5,0,0.00,0.00,0,0
1503666169,s2-eth2,136106.00,5462964.00,5599070.00,5462964,136106,1831.00,3610.00,5441.00,3610,1831,0.00,0.00,0,0
1503666169,s2-eth1,5484612.00,135728.00,5620340.00,135728,5484612,3626.00,1830.00,5456.00,1830,3626,0.00,0.00,0,0
1503666169,lo,4304.00,4304.00,8608.00,4304,4304,41.00,41.00,82.00,41,41,0.00,0.00,0,0
1503666169,s3-eth2,136106.00,5453428.00,5589534.00,5453428,136106,1831.00,3602.00,5433.00,3602,1831,0.00,0.00,0,0
1503666169,s3-eth1,5462964.00,136106.00,5599070.00,136106,5462964,3610.00,1831.00,5441.00,1831,3610,0.00,0.00,0,0
1503666169,total,16866080.00,16814986.00,33681064.00,16814986,16866080,16411.00,16378.00,32789.00,16378,16411,0.00,0.00,0,0
1503666170,s1,0.00,376.00,376.00,376,0,0.00,4.00,4.00,4,0,0.00,0.00,0,0
1503666170,eth0,0.00,0.00,0.00,0,0,0.00,0.00,0.00,0,0,0.00,0.00,0,0
1503666170,eth1,0.00,0.00,0.00,0,0,0.00,0.00,0.00,0,0,0.00,0.00,0,0
1503666170,s2,0.00,1187.00,1187.00,1187,0,0.00,9.00,9.00,9,0,0.00,0.00,0,0
1503666170,s1-eth2,133533.00,5447748.00,5581281.00,5447748,133533,1798.00,3602.00,5400.00,3602,1798,0.00,0.00,0,0
1503666170,s1-eth1,5432796.00,132534.00,5565330.00,132534,5432796,3594.00,1791.00,5385.00,1791,3594,0.00,0.00,0,0
1503666170,s3,0.00,1080.00,1080.00,1080,0,0.00,8.00,8.00,8,0,0.00,0.00,0,0
1503666170,s2-eth2,133910.00,5465728.00,5599638.00,5465728,133910,1803.00,3612.00,5415.00,3612,1803,0.00,0.00,0,0
1503666170,s2-eth1,5447748.00,133533.00,5581281.00,133533,5447748,3602.00,1798.00,5400.00,1798,3602,0.00,0.00,0,0
1503666170,lo,6041.00,6041.00,12082.00,6041,6041,59.00,59.00,118.00,59,59,0.00,0.00,0,0
1503666170,s3-eth2,134280.00,5471596.00,5605876.00,5471596,134280,1808.00,3614.00,5422.00,3614,1808,0.00,0.00,0,0
1503666170,s3-eth1,5465728.00,133910.00,5599638.00,133910,5465728,3612.00,1803.00,5415.00,1803,3612,0.00,0.00,0,0
1503666170,total,16754036.00,16793732.00,33547768.00,16793733,16754036,16276.00,16300.00,32576.00,16300,16276,0.00,0.00,0,0
1503666171,s1,0.00,3555.00,3555.00,3555,0,0.00,20.00,20.00,20,0,0.00,0.00,0,0
1503666171,eth0,0.00,0.00,0.00,0,0,0.00,0.00,0.00,0,0,0.00,0.00,0,0
1503666171,eth1,0.00,0.00,0.00,0,0,0.00,0.00,0.00,0,0,0.00,0.00,0,0
1503666171,s2,0.00,3287.00,3287.00,3287,0,0.00,17.00,17.00,17,0,0.00,0.00,0,0
1503666171,s1-eth2,144701.00,5876361.00,6021062.00,5876361,144701,1942.00,3899.00,5841.00,3899,1942,0.00,0.00,0,0
1503666171,s1-eth1,5872411.00,143338.00,6015749.00,143338,5872411,3906.00,1937.00,5843.00,1937,3906,0.00,0.00,0,0
1503666171,s3,0.00,3772.00,3772.00,3772,0,0.00,18.00,18.00,18,0,0.00,0.00,0,0
1503666171,s2-eth2,146740.00,5874582.00,6021322.00,5874582,146740,1950.00,3889.00,5839.00,3889,1950,0.00,0.00,0,0
1503666171,s2-eth1,5876361.00,144701.00,6021062.00,144701,5876361,3899.00,1942.00,5841.00,1942,3899,0.00,0.00,0,0
1503666171,lo,16256.00,16256.00,32512.00,16256,16256,152.00,152.00,304.00,152,152,0.00,0.00,0,0
1503666171,s3-eth2,146518.00,5871292.00,6017810.00,5871292,146518,1947.00,3878.00,5825.00,3878,1947,0.00,0.00,0,0
1503666171,s3-eth1,5874582.00,146740.00,6021322.00,146740,5874582,3889.00,1950.00,5839.00,1950,3889,0.00,0.00,0,0
1503666171,total,18077568.00,18083884.00,36161452.00,18083884,18077569,17685.00,17702.00,35387.00,17702,17685,0.00,0.00,0,0
1503666172,s1,0.00,1929.00,1929.00,1929,0,0.00,8.00,8.00,8,0,0.00,0.00,0,0
1503666172,eth0,0.00,0.00,0.00,0,0,0.00,0.00,0.00,0,0,0.00,0.00,0,0
1503666172,eth1,0.00,0.00,0.00,0,0,0.00,0.00,0.00,0,0,0.00,0.00,0,0
1503666172,s2,0.00,1635.00,1635.00,1635,0,0.00,6.00,6.00,6,0,0.00,0.00,0,0
1503666172,s1-eth2,149483.00,6103349.00,6252832.00,6103349,149483,2013.00,4038.00,6051.00,4038,2013,0.00,0.00,0,0
1503666172,s1-eth1,6102798.00,148888.00,6251686.00,148888,6102798,4041.00,2012.00,6053.00,2012,4041,0.00,0.00,0,0
1503666172,s3,0.00,1257.00,1257.00,1257,0,0.00,6.00,6.00,6,0,0.00,0.00,0,0
1503666172,s2-eth2,150071.00,6105414.00,6255485.00,6105414,150071,2017.00,4036.00,6053.00,4036,2017,0.00,0.00,0,0
1503666172,s2-eth1,6103349.00,149483.00,6252832.00,149483,6103349,4038.00,2013.00,6051.00,2013,4038,0.00,0.00,0,0
1503666172,lo,6363.00,6363.00,12726.00,6363,6363,59.00,59.00,118.00,59,59,0.00,0.00,0,0
1503666172,s3-eth2,149923.00,6107476.00,6257399.00,6107476,149923,2015.00,4034.00,6049.00,4034,2015,0.00,0.00,0,0
1503666172,s3-eth1,6105414.00,150071.00,6255485.00,150071,6105414,4036.00,2017.00,6053.00,2017,4036,0.00,0.00,0,0
1503666172,total,18767400.00,18775864.00,37543264.00,18775865,18767401,18219.00,18229.00,36448.00,18229,18219,0.00,0.00,0,0
1503666173,s1,0.00,654.00,654.00,654,0,0.00,2.00,2.00,2,0,0.00,0.00,0,0
1503666173,eth0,0.00,0.00,0.00,0,0,0.00,0.00,0.00,0,0,0.00,0.00,0,0
1503666173,eth1,0.00,0.00,0.00,0,0,0.00,0.00,0.00,0,0,0.00,0.00,0,0
1503666173,s2,0.00,434.00,434.00,434,0,0.00,2.00,2.00,2,0,0.00,0.00,0,0
1503666173,s1-eth2,152325.00,6226222.00,6378547.00,6226222,152325,2058.00,4114.00,6172.00,4114,2058,0.00,0.00,0,0
1503666173,s1-eth1,6226222.00,152144.00,6378366.00,152144,6226222,4114.00,2056.00,6170.00,2056,4114,0.00,0.00,0,0
1503666173,s3,0.00,327.00,327.00,327,0,0.00,1.00,1.00,1,0,0.00,0.00,0,0
1503666173,s2-eth2,152471.00,6227409.00,6379880.00,6227409,152471,2057.00,4114.00,6171.00,4114,2057,0.00,0.00,0,0
1503666173,s2-eth1,6226222.00,152325.00,6378547.00,152325,6226222,4114.00,2058.00,6172.00,2058,4114,0.00,0.00,0,0
1503666173,lo,1609.00,1609.00,3218.00,1609,1609,15.00,15.00,30.00,15,15,0.00,0.00,0,0
1503666173,s3-eth2,152471.00,6227082.00,6379553.00,6227082,152471,2057.00,4113.00,6170.00,4113,2057,0.00,0.00,0,0
1503666173,s3-eth1,6227409.00,152471.00,6379880.00,152471,6227409,4114.00,2057.00,6171.00,2057,4114,0.00,0.00,0,0
1503666173,total,19138728.00,19140676.00,38279408.00,19140677,19138729,18529.00,18532.00,37061.00,18532,18529,0.00,0.00,0,0
1503666174,s1,0.00,748.00,748.00,748,0,0.00,4.00,4.00,4,0,0.00,0.00,0,0
1503666174,eth0,0.00,0.00,0.00,0,0,0.00,0.00,0.00,0,0,0.00,0.00,0,0
1503666174,eth1,0.00,0.00,0.00,0,0,0.00,0.00,0.00,0,0,0.00,0.00,0,0
1503666174,s2,0.00,1038.00,1038.00,1038,0,0.00,5.00,5.00,5,0,0.00,0.00,0,0
1503666174,s1-eth2,151698.00,6183924.00,6335622.00,6183924,151698,2044.00,4088.00,6132.00,4088,2044,0.00,0.00,0,0
1503666174,s1-eth1,6183111.00,151108.00,6334219.00,151108,6183111,4090.00,2042.00,6132.00,2042,4090,0.00,0.00,0,0
1503666174,s3,0.00,1145.00,1145.00,1145,0,0.00,6.00,6.00,6,0,0.00,0.00,0,0
1503666174,s2-eth2,152179.00,6182036.00,6334215.00,6182036,152179,2047.00,4085.00,6132.00,4085,2047,0.00,0.00,0,0
1503666174,s2-eth1,6183924.00,151698.00,6335622.00,151698,6183924,4088.00,2044.00,6132.00,2044,4088,0.00,0.00,0,0
1503666174,lo,4669.00,4669.00,9338.00,4669,4669,45.00,45.00,90.00,45,45,0.00,0.00,0,0
1503666174,s3-eth2,152253.00,6183176.00,6335429.00,6183176,152253,2048.00,4084.00,6132.00,4084,2048,0.00,0.00,0,0
1503666174,s3-eth1,6182036.00,152179.00,6334215.00,152179,6182036,4085.00,2047.00,6132.00,2047,4085,0.00,0.00,0,0
1503666174,total,19009870.00,19011720.00,38021592.00,19011721,19009870,18447.00,18450.00,36897.00,18450,18447,0.00,0.00,0,0
1503666175,s1,0.00,1136.00,1136.00,1136,0,0.00,5.00,5.00,5,0,0.00,0.00,0,0
1503666175,eth0,0.00,0.00,0.00,0,0,0.00,0.00,0.00,0,0,0.00,0.00,0,0
1503666175,eth1,0.00,0.00,0.00,0,0,0.00,0.00,0.00,0,0,0.00,0.00,0,0
1503666175,s2,0.00,397.00,397.00,397,0,0.00,2.00,2.00,2,0,0.00,0.00,0,0
1503666175,s1-eth2,149480.00,6116182.00,6265662.00,6116182,149480,2020.00,4044.00,6064.00,4044,2020,0.00,0.00,0,0
1503666175,s1-eth1,6119280.00,149480.00,6268760.00,149480,6119280,4047.00,2020.00,6067.00,2020,4047,0.00,0.00,0,0
1503666175,s3,0.00,397.00,397.00,397,0,0.00,2.00,2.00,2,0,0.00,0.00,0,0
1503666175,s2-eth2,149877.00,6118471.00,6268348.00,6118471,149877,2022.00,4043.00,6065.00,4043,2022,0.00,0.00,0,0
1503666175,s2-eth1,6116182.00,149480.00,6265662.00,149480,6116182,4044.00,2020.00,6064.00,2020,4044,0.00,0.00,0,0
1503666175,lo,2702.00,2702.00,5404.00,2702,2702,27.00,27.00,54.00,27,27,0.00,0.00,0,0
1503666175,s3-eth2,149877.00,6121102.00,6270979.00,6121102,149877,2022.00,4043.00,6065.00,4043,2022,0.00,0.00,0,0
1503666175,s3-eth1,6118471.00,149877.00,6268348.00,149877,6118471,4043.00,2022.00,6065.00,2022,4043,0.00,0.00,0,0
1503666175,total,18805868.00,18809224.00,37615092.00,18809224,18805869,18225.00,18228.00,36453.00,18228,18225,0.00,0.00,0,0
1503666176,s1,0.00,342.00,342.00,342,0,0.00,1.00,1.00,1,0,0.00,0.00,0,0
1503666176,eth0,0.00,0.00,0.00,0,0,0.00,0.00,0.00,0,0,0.00,0.00,0,0
1503666176,eth1,0.00,0.00,0.00,0,0,0.00,0.00,0.00,0,0,0.00,0.00,0,0
1503666176,s2,0.00,684.00,684.00,684,0,0.00,2.00,2.00,2,0,0.00,0.00,0,0
1503666176,s1-eth2,150710.00,6154752.00,6305462.00,6154752,150710,2033.00,4066.00,6099.00,4066,2033,0.00,0.00,0,0
1503666176,s1-eth1,6153580.00,150368.00,6303948.00,150368,6153580,4066.00,2032.00,6098.00,2032,4066,0.00,0.00,0,0
1503666176,s3,0.00,684.00,684.00,684,0,0.00,2.00,2.00,2,0,0.00,0.00,0,0
1503666176,s2-eth2,151126.00,6151724.00,6302850.00,6151724,151126,2035.00,4064.00,6099.00,4064,2035,0.00,0.00,0,0
1503666176,s2-eth1,6154752.00,150710.00,6305462.00,150710,6154752,4066.00,2033.00,6099.00,2033,4066,0.00,0.00,0,0
1503666176,lo,1630.00,1630.00,3260.00,1630,1630,15.00,15.00,30.00,15,15,0.00,0.00,0,0
1503666176,s3-eth2,151052.00,6151382.00,6302434.00,6151382,151052,2034.00,4063.00,6097.00,4063,2034,0.00,0.00,0,0
1503666176,s3-eth1,6151724.00,151126.00,6302850.00,151126,6151724,4064.00,2035.00,6099.00,2035,4064,0.00,0.00,0,0
1503666176,total,18914574.00,18913402.00,37827976.00,18913402,18914574,18313.00,18313.00,36626.00,18313,18313,0.00,0.00,0,0
1503666177,s1,0.00,0.00,0.00,0,0,0.00,0.00,0.00,0,0,0.00,0.00,0,0
1503666177,eth0,0.00,0.00,0.00,0,0,0.00,0.00,0.00,0,0,0.00,0.00,0,0
1503666177,eth1,0.00,0.00,0.00,0,0,0.00,0.00,0.00,0,0,0.00,0.00,0,0
1503666177,s2,0.00,107.00,107.00,107,0,0.00,1.00,1.00,1,0,0.00,0.00,0,0
1503666177,s1-eth2,151215.00,6178634.00,6329849.00,6178634,151215,2043.00,4081.00,6124.00,4081,2043,0.00,0.00,0,0
1503666177,s1-eth1,6180148.00,151108.00,6331256.00,151108,6180148,4082.00,2042.00,6124.00,2042,4082,0.00,0.00,0,0
1503666177,s3,0.00,0.00,0.00,0,0,0.00,0.00,0.00,0,0,0.00,0.00,0,0
1503666177,s2-eth2,151034.00,6178634.00,6329668.00,6178634,151034,2041.00,4081.00,6122.00,4081,2041,0.00,0.00,0,0
1503666177,s2-eth1,6178634.00,151215.00,6329849.00,151215,6178634,4081.00,2043.00,6124.00,2043,4081,0.00,0.00,0,0
1503666177,lo,305.00,305.00,610.00,305,305,3.00,3.00,6.00,3,3,0.00,0.00,0,0
1503666177,s3-eth2,151034.00,6180148.00,6331182.00,6180148,151034,2041.00,4082.00,6123.00,4082,2041,0.00,0.00,0,0
1503666177,s3-eth1,6178634.00,151034.00,6329668.00,151034,6178634,4081.00,2041.00,6122.00,2041,4081,0.00,0.00,0,0
1503666177,total,18991004.00,18991184.00,37982188.00,18991185,18991004,18372.00,18374.00,36746.00,18374,18372,0.00,0.00,0,0
1503666178,s1,0.00,214.00,214.00,214,0,0.00,2.00,2.00,2,0,0.00,0.00,0,0
1503666178,eth0,0.00,0.00,0.00,0,0,0.00,0.00,0.00,0,0,0.00,0.00,0,0
1503666178,eth1,0.00,0.00,0.00,0,0,0.00,0.00,0.00,0,0,0.00,0.00,0,0
1503666178,s2,0.00,177.00,177.00,177,0,0.00,2.00,2.00,2,0,0.00,0.00,0,0
1503666178,s1-eth2,150882.00,6172792.00,6323674.00,6172792,150882,2039.00,4079.00,6118.00,4079,2039,0.00,0.00,0,0
1503666178,s1-eth1,6172899.00,150738.00,6323637.00,150738,6172899,4080.00,2037.00,6117.00,2037,4080,0.00,0.00,0,0
1503666178,s3,0.00,284.00,284.00,284,0,0.00,3.00,3.00,3,0,0.00,0.00,0,0
1503666178,s2-eth2,151096.00,6172685.00,6323781.00,6172685,151096,2041.00,4078.00,6119.00,4078,2041,0.00,0.00,0,0
1503666178,s2-eth1,6172792.00,150882.00,6323674.00,150882,6172792,4079.00,2039.00,6118.00,2039,4079,0.00,0.00,0,0
1503666178,lo,2061.00,2061.00,4122.00,2061,2061,21.00,21.00,42.00,21,21,0.00,0.00,0,0
1503666178,s3-eth2,151096.00,6171064.00,6322160.00,6171064,151096,2041.00,4076.00,6117.00,4076,2041,0.00,0.00,0,0
1503666178,s3-eth1,6172685.00,151096.00,6323781.00,151096,6172685,4078.00,2041.00,6119.00,2041,4078,0.00,0.00,0,0
1503666178,total,18973512.00,18971992.00,37945504.00,18971993,18973511,18379.00,18378.00,36757.00,18378,18379,0.00,0.00,0,0
1503666179,s1,0.00,140.00,140.00,140,0,0.00,2.00,2.00,2,0,0.00,0.00,0,0
1503666179,eth0,0.00,0.00,0.00,0,0,0.00,0.00,0.00,0,0,0.00,0.00,0,0
1503666179,eth1,0.00,0.00,0.00,0,0,0.00,0.00,0.00,0,0,0.00,0.00,0,0
1503666179,s2,0.00,70.00,70.00,70,0,0.00,1.00,1.00,1,0,0.00,0.00,0,0
1503666179,s1-eth2,152218.00,6227222.00,6379440.00,6227222,152218,2057.00,4115.00,6172.00,4115,2057,0.00,0.00,0,0
1503666179,s1-eth1,6228806.00,152292.00,6381098.00,152292,6228806,4117.00,2058.00,6175.00,2058,4117,0.00,0.00,0,0
1503666179,s3,0.00,70.00,70.00,70,0,0.00,1.00,1.00,1,0,0.00,0.00,0,0
1503666179,s2-eth2,152288.00,6227152.00,6379440.00,6227152,152288,2058.00,4114.00,6172.00,4114,2058,0.00,0.00,0,0
1503666179,s2-eth1,6227222.00,152218.00,6379440.00,152218,6227222,4115.00,2057.00,6172.00,2057,4115,0.00,0.00,0,0
1503666179,lo,1072.00,1072.00,2144.00,1072,1072,12.00,12.00,24.00,12,12,0.00,0.00,0,0
1503666179,s3-eth2,152288.00,6228596.00,6380884.00,6228596,152288,2058.00,4114.00,6172.00,4114,2058,0.00,0.00,0,0
1503666179,s3-eth1,6227152.00,152288.00,6379440.00,152288,6227152,4114.00,2058.00,6172.00,2058,4114,0.00,0.00,0,0
1503666179,total,19141046.00,19141120.00,38282168.00,19141120,19141046,18531.00,18532.00,37063.00,18532,18531,0.00,0.00,0,0
1503666180,s1,0.00,0.00,0.00,0,0,0.00,0.00,0.00,0,0,0.00,0.00,0,0
1503666180,eth0,0.00,0.00,0.00,0,0,0.00,0.00,0.00,0,0,0.00,0.00,0,0
1503666180,eth1,0.00,0.00,0.00,0,0,0.00,0.00,0.00,0,0,0.00,0.00,0,0
1503666180,s2,0.00,0.00,0.00,0,0,0.00,0.00,0.00,0,0,0.00,0.00,0,0
1503666180,s1-eth2,148962.00,6095364.00,6244326.00,6095364,148962,2013.00,4026.00,6039.00,4026,2013,0.00,0.00,0,0
1503666180,s1-eth1,6095364.00,148888.00,6244252.00,148888,6095364,4026.00,2012.00,6038.00,2012,4026,0.00,0.00,0,0
1503666180,s3,0.00,342.00,342.00,342,0,0.00,1.00,1.00,1,0,0.00,0.00,0,0
1503666180,s2-eth2,149304.00,6096878.00,6246182.00,6096878,149304,2014.00,4027.00,6041.00,4027,2014,0.00,0.00,0,0
1503666180,s2-eth1,6095364.00,148962.00,6244326.00,148962,6095364,4026.00,2013.00,6039.00,2013,4026,0.00,0.00,0,0
1503666180,lo,326.00,326.00,652.00,326,326,3.00,3.00,6.00,3,3,0.00,0.00,0,0
1503666180,s3-eth2,149304.00,6096878.00,6246182.00,6096878,149304,2014.00,4027.00,6041.00,4027,2014,0.00,0.00,0,0
1503666180,s3-eth1,6096878.00,149304.00,6246182.00,149304,6096878,4027.00,2014.00,6041.00,2014,4027,0.00,0.00,0,0
1503666180,total,18735502.00,18736942.00,37472444.00,18736942,18735502,18123.00,18123.00,36246.00,18123,18123,0.00,0.00,0,0
1503666181,s1,0.00,342.00,342.00,342,0,0.00,1.00,1.00,1,0,0.00,0.00,0,0
1503666181,eth0,0.00,0.00,0.00,0,0,0.00,0.00,0.00,0,0,0.00,0.00,0,0
1503666181,eth1,0.00,0.00,0.00,0,0,0.00,0.00,0.00,0,0,0.00,0.00,0,0
1503666181,s2,0.00,684.00,684.00,684,0,0.00,2.00,2.00,2,0,0.00,0.00,0,0
1503666181,s1-eth2,140424.00,5733860.00,5874284.00,5733860,140424,1894.00,3788.00,5682.00,3788,1894,0.00,0.00,0,0
1503666181,s1-eth1,5732346.00,140156.00,5872502.00,140156,5732346,3787.00,1894.00,5681.00,1894,3787,0.00,0.00,0,0
1503666181,s3,0.00,342.00,342.00,342,0,0.00,1.00,1.00,1,0,0.00,0.00,0,0
1503666181,s2-eth2,140424.00,5730832.00,5871256.00,5730832,140424,1894.00,3786.00,5680.00,3786,1894,0.00,0.00,0,0
1503666181,s2-eth1,5733860.00,140424.00,5874284.00,140424,5733860,3788.00,1894.00,5682.00,1894,3788,0.00,0.00,0,0
1503666181,lo,1304.00,1304.00,2608.00,1304,1304,12.00,12.00,24.00,12,12,0.00,0.00,0,0
1503666181,s3-eth2,140498.00,5718378.00,5858876.00,5718378,140498,1895.00,3777.00,5672.00,3777,1895,0.00,0.00,0,0
1503666181,s3-eth1,5730832.00,140424.00,5871256.00,140424,5730832,3786.00,1894.00,5680.00,1894,3786,0.00,0.00,0,0
1503666181,total,17619688.00,17606746.00,35226432.00,17606746,17619688,17056.00,17049.00,34105.00,17049,17056,0.00,0.00,0,0
1503666182,s1,0.00,0.00,0.00,0,0,0.00,0.00,0.00,0,0,0.00,0.00,0,0
1503666182,eth0,0.00,0.00,0.00,0,0,0.00,0.00,0.00,0,0,0.00,0.00,0,0
1503666182,eth1,0.00,0.00,0.00,0,0,0.00,0.00,0.00,0,0,0.00,0.00,0,0
1503666182,s2,0.00,0.00,0.00,0,0,0.00,0.00,0.00,0,0,0.00,0.00,0,0
1503666182,s1-eth2,57034.00,2135766.00,2192800.00,2135766,57034,771.00,1415.00,2186.00,1415,771,0.00,0.00,0,0
1503666182,s1-eth1,2199354.00,55480.00,2254834.00,55480,2199354,1457.00,750.00,2207.00,750,1457,0.00,0.00,0,0
1503666182,s3,0.00,0.00,0.00,0,0,0.00,0.00,0.00,0,0,0.00,0.00,0,0
1503666182,s2-eth2,58588.00,2073692.00,2132280.00,2073692,58588,792.00,1374.00,2166.00,1374,792,0.00,0.00,0,0
1503666182,s2-eth1,2135766.00,57034.00,2192800.00,57034,2135766,1415.00,771.00,2186.00,771,1415,0.00,0.00,0,0
1503666182,lo,0.00,0.00,0.00,0,0,0.00,0.00,0.00,0,0,0.00,0.00,0,0
1503666182,s3-eth2,60068.00,2016160.00,2076228.00,2016160,60068,812.00,1336.00,2148.00,1336,812,0.00,0.00,0,0
1503666182,s3-eth1,2073692.00,58588.00,2132280.00,58588,2073692,1374.00,792.00,2166.00,792,1374,0.00,0.00,0,0
1503666182,total,6584502.00,6396720.00,12981222.00,6396720,6584502,6621.00,6438.00,13059.00,6438,6621,0.00,0.00,0,0
1503666183,s1,0.00,341.66,341.66,342,0,0.00,1.00,1.00,1,0,0.00,0.00,0,0
1503666183,eth0,0.00,0.00,0.00,0,0,0.00,0.00,0.00,0,0,0.00,0.00,0,0
1503666183,eth1,0.00,0.00,0.00,0,0,0.00,0.00,0.00,0,0,0.00,0.00,0,0
1503666183,s2,0.00,0.00,0.00,0,0,0.00,0.00,0.00,0,0,0.00,0.00,0,0
1503666183,s1-eth2,0.00,341.66,341.66,342,0,0.00,1.00,1.00,1,0,0.00,0.00,0,0
1503666183,s1-eth1,341.66,0.00,341.66,0,342,1.00,0.00,1.00,0,1,0.00,0.00,0,0
1503666183,s3,0.00,0.00,0.00,0,0,0.00,0.00,0.00,0,0,0.00,0.00,0,0
1503666183,s2-eth2,0.00,0.00,0.00,0,0,0.00,0.00,0.00,0,0,0.00,0.00,0,0
1503666183,s2-eth1,341.66,0.00,341.66,0,342,1.00,0.00,1.00,0,1,0.00,0.00,0,0
1503666183,lo,325.67,325.67,651.35,326,326,3.00,3.00,5.99,3,3,0.00,0.00,0,0
1503666183,s3-eth2,0.00,0.00,0.00,0,0,0.00,0.00,0.00,0,0,0.00,0.00,0,0
1503666183,s3-eth1,0.00,0.00,0.00,0,0,0.00,0.00,0.00,0,0,0.00,0.00,0,0
1503666183,total,1008.99,1008.99,2017.98,1010,1010,5.00,5.00,9.99,5,5,0.00,0.00,0,0
1503666184,s1,0.00,0.00,0.00,0,0,0.00,0.00,0.00,0,0,0.00,0.00,0,0
1503666184,eth0,0.00,0.00,0.00,0,0,0.00,0.00,0.00,0,0,0.00,0.00,0,0
1503666184,eth1,0.00,0.00,0.00,0,0,0.00,0.00,0.00,0,0,0.00,0.00,0,0
1503666184,s2,0.00,0.00,0.00,0,0,0.00,0.00,0.00,0,0,0.00,0.00,0,0
1503666184,s1-eth2,0.00,0.00,0.00,0,0,0.00,0.00,0.00,0,0,0.00,0.00,0,0
1503666184,s1-eth1,0.00,0.00,0.00,0,0,0.00,0.00,0.00,0,0,0.00,0.00,0,0
1503666184,s3,0.00,0.00,0.00,0,0,0.00,0.00,0.00,0,0,0.00,0.00,0,0
1503666184,s2-eth2,0.00,0.00,0.00,0,0,0.00,0.00,0.00,0,0,0.00,0.00,0,0
1503666184,s2-eth1,0.00,0.00,0.00,0,0,0.00,0.00,0.00,0,0,0.00,0.00,0,0
1503666184,lo,0.00,0.00,0.00,0,0,0.00,0.00,0.00,0,0,0.00,0.00,0,0
1503666184,s3-eth2,0.00,0.00,0.00,0,0,0.00,0.00,0.00,0,0,0.00,0.00,0,0
1503666184,s3-eth1,0.00,0.00,0.00,0,0,0.00,0.00,0.00,0,0,0.00,0.00,0,0
1503666184,total,0.00,0.00,0.00,0,0,0.00,0.00,0.00,0,0,0.00,0.00,0,0
1503666185,s1,0.00,0.00,0.00,0,0,0.00,0.00,0.00,0,0,0.00,0.00,0,0
1503666185,eth0,0.00,0.00,0.00,0,0,0.00,0.00,0.00,0,0,0.00,0.00,0,0
1503666185,eth1,0.00,0.00,0.00,0,0,0.00,0.00,0.00,0,0,0.00,0.00,0,0
1503666185,s2,0.00,106.79,106.79,107,0,0.00,1.00,1.00,1,0,0.00,0.00,0,0
1503666185,s1-eth2,106.79,0.00,106.79,0,107,1.00,0.00,1.00,0,1,0.00,0.00,0,0
1503666185,s1-eth1,0.00,0.00,0.00,0,0,0.00,0.00,0.00,0,0,0.00,0.00,0,0
1503666185,s3,0.00,0.00,0.00,0,0,0.00,0.00,0.00,0,0,0.00,0.00,0,0
1503666185,s2-eth2,0.00,0.00,0.00,0,0,0.00,0.00,0.00,0,0,0.00,0.00,0,0
1503666185,s2-eth1,0.00,106.79,106.79,107,0,0.00,1.00,1.00,1,0,0.00,0.00,0,0
1503666185,lo,647.70,647.70,1295.41,649,649,8.98,8.98,17.96,9,9,0.00,0.00,0,0
1503666185,s3-eth2,0.00,0.00,0.00,0,0,0.00,0.00,0.00,0,0,0.00,0.00,0,0
1503666185,s3-eth1,0.00,0.00,0.00,0,0,0.00,0.00,0.00,0,0,0.00,0.00,0,0
1503666185,total,754.49,861.28,1615.77,863,756,9.98,10.98,20.96,11,10,0.00,0.00,0,0
1503666186,s1,0.00,214.00,214.00,214,0,0.00,2.00,2.00,2,0,0.00,0.00,0,0
1503666186,eth0,0.00,0.00,0.00,0,0,0.00,0.00,0.00,0,0,0.00,0.00,0,0
1503666186,eth1,0.00,0.00,0.00,0,0,0.00,0.00,0.00,0,0,0.00,0.00,0,0
1503666186,s2,0.00,449.00,449.00,449,0,0.00,2.00,2.00,2,0,0.00,0.00,0,0
1503666186,s1-eth2,342.00,214.00,556.00,214,342,1.00,2.00,3.00,2,1,0.00,0.00,0,0
1503666186,s1-eth1,321.00,0.00,321.00,0,321,3.00,0.00,3.00,0,3,0.00,0.00,0,0
1503666186,s3,0.00,556.00,556.00,556,0,0.00,3.00,3.00,3,0,0.00,0.00,0,0
1503666186,s2-eth2,556.00,107.00,663.00,107,556,3.00,1.00,4.00,1,3,0.00,0.00,0,0
1503666186,s2-eth1,214.00,342.00,556.00,342,214,2.00,1.00,3.00,1,2,0.00,0.00,0,0
1503666186,lo,2177.00,2177.00,4354.00,2177,2177,21.00,21.00,42.00,21,21,0.00,0.00,0,0
1503666186,s3-eth2,663.00,0.00,663.00,0,663,4.00,0.00,4.00,0,4,0.00,0.00,0,0
1503666186,s3-eth1,107.00,556.00,663.00,556,107,1.00,3.00,4.00,3,1,0.00,0.00,0,0
1503666186,total,4380.00,4615.00,8995.00,4615,4380,35.00,35.00,70.00,35,35,0.00,0.00,0,0
1503666187,s1,0.00,342.00,342.00,342,0,0.00,1.00,1.00,1,0,0.00,0.00,0,0
1503666187,eth0,0.00,0.00,0.00,0,0,0.00,0.00,0.00,0,0,0.00,0.00,0,0
1503666187,eth1,0.00,0.00,0.00,0,0,0.00,0.00,0.00,0,0,0.00,0.00,0,0
1503666187,s2,0.00,342.00,342.00,342,0,0.00,1.00,1.00,1,0,0.00,0.00,0,0
1503666187,s1-eth2,0.00,342.00,342.00,342,0,0.00,1.00,1.00,1,0,0.00,0.00,0,0
1503666187,s1-eth1,342.00,0.00,342.00,0,342,1.00,0.00,1.00,0,1,0.00,0.00,0,0
1503666187,s3,0.00,0.00,0.00,0,0,0.00,0.00,0.00,0,0,0.00,0.00,0,0
1503666187,s2-eth2,0.00,342.00,342.00,342,0,0.00,1.00,1.00,1,0,0.00,0.00,0,0
1503666187,s2-eth1,342.00,0.00,342.00,0,342,1.00,0.00,1.00,0,1,0.00,0.00,0,0
1503666187,lo,652.00,652.00,1304.00,652,652,6.00,6.00,12.00,6,6,0.00,0.00,0,0
1503666187,s3-eth2,0.00,0.00,0.00,0,0,0.00,0.00,0.00,0,0,0.00,0.00,0,0
1503666187,s3-eth1,342.00,0.00,342.00,0,342,1.00,0.00,1.00,0,1,0.00,0.00,0,0
1503666187,total,1678.00,2020.00,3698.00,2020,1678,9.00,10.00,19.00,10,9,0.00,0.00,0,0
1503666188,s1,0.00,0.00,0.00,0,0,0.00,0.00,0.00,0,0,0.00,0.00,0,0
1503666188,eth0,0.00,0.00,0.00,0,0,0.00,0.00,0.00,0,0,0.00,0.00,0,0
1503666188,eth1,0.00,0.00,0.00,0,0,0.00,0.00,0.00,0,0,0.00,0.00,0,0
1503666188,s2,0.00,0.00,0.00,0,0,0.00,0.00,0.00,0,0,0.00,0.00,0,0
1503666188,s1-eth2,0.00,0.00,0.00,0,0,0.00,0.00,0.00,0,0,0.00,0.00,0,0
1503666188,s1-eth1,0.00,0.00,0.00,0,0,0.00,0.00,0.00,0,0,0.00,0.00,0,0
1503666188,s3,0.00,342.00,342.00,342,0,0.00,1.00,1.00,1,0,0.00,0.00,0,0
1503666188,s2-eth2,342.00,0.00,342.00,0,342,1.00,0.00,1.00,0,1,0.00,0.00,0,0
1503666188,s2-eth1,0.00,0.00,0.00,0,0,0.00,0.00,0.00,0,0,0.00,0.00,0,0
1503666188,lo,326.00,326.00,652.00,326,326,3.00,3.00,6.00,3,3,0.00,0.00,0,0
1503666188,s3-eth2,342.00,0.00,342.00,0,342,1.00,0.00,1.00,0,1,0.00,0.00,0,0
1503666188,s3-eth1,0.00,342.00,342.00,342,0,0.00,1.00,1.00,1,0,0.00,0.00,0,0
1503666188,total,1010.00,1010.00,2020.00,1010,1010,5.00,5.00,10.00,5,5,0.00,0.00,0,0
1503666189,s1,0.00,0.00,0.00,0,0,0.00,0.00,0.00,0,0,0.00,0.00,0,0
1503666189,eth0,0.00,0.00,0.00,0,0,0.00,0.00,0.00,0,0,0.00,0.00,0,0
1503666189,eth1,0.00,0.00,0.00,0,0,0.00,0.00,0.00,0,0,0.00,0.00,0,0
1503666189,s2,0.00,0.00,0.00,0,0,0.00,0.00,0.00,0,0,0.00,0.00,0,0
1503666189,s1-eth2,0.00,0.00,0.00,0,0,0.00,0.00,0.00,0,0,0.00,0.00,0,0
1503666189,s1-eth1,0.00,0.00,0.00,0,0,0.00,0.00,0.00,0,0,0.00,0.00,0,0
1503666189,s3,0.00,0.00,0.00,0,0,0.00,0.00,0.00,0,0,0.00,0.00,0,0
1503666189,s2-eth2,0.00,0.00,0.00,0,0,0.00,0.00,0.00,0,0,0.00,0.00,0,0
1503666189,s2-eth1,0.00,0.00,0.00,0,0,0.00,0.00,0.00,0,0,0.00,0.00,0,0
1503666189,lo,0.00,0.00,0.00,0,0,0.00,0.00,0.00,0,0,0.00,0.00,0,0
1503666189,s3-eth2,0.00,0.00,0.00,0,0,0.00,0.00,0.00,0,0,0.00,0.00,0,0
1503666189,s3-eth1,0.00,0.00,0.00,0,0,0.00,0.00,0.00,0,0,0.00,0.00,0,0
1503666189,total,0.00,0.00,0.00,0,0,0.00,0.00,0.00,0,0,0.00,0.00,0,0
1503666190,s1,0.00,0.00,0.00,0,0,0.00,0.00,0.00,0,0,0.00,0.00,0,0
1503666190,eth0,0.00,0.00,0.00,0,0,0.00,0.00,0.00,0,0,0.00,0.00,0,0
1503666190,eth1,0.00,0.00,0.00,0,0,0.00,0.00,0.00,0,0,0.00,0.00,0,0
1503666190,s2,0.00,0.00,0.00,0,0,0.00,0.00,0.00,0,0,0.00,0.00,0,0
1503666190,s1-eth2,0.00,0.00,0.00,0,0,0.00,0.00,0.00,0,0,0.00,0.00,0,0
1503666190,s1-eth1,0.00,0.00,0.00,0,0,0.00,0.00,0.00,0,0,0.00,0.00,0,0
1503666190,s3,0.00,0.00,0.00,0,0,0.00,0.00,0.00,0,0,0.00,0.00,0,0
1503666190,s2-eth2,0.00,0.00,0.00,0,0,0.00,0.00,0.00,0,0,0.00,0.00,0,0
1503666190,s2-eth1,0.00,0.00,0.00,0,0,0.00,0.00,0.00,0,0,0.00,0.00,0,0
1503666190,lo,0.00,0.00,0.00,0,0,0.00,0.00,0.00,0,0,0.00,0.00,0,0
1503666190,s3-eth2,0.00,0.00,0.00