1503619727,s5,0.00,0.00,0.00,0,0,0.00,0.00,0.00,0,0,0.00,0.00,0,0
1503619727,s1,0.00,0.00,0.00,0,0,0.00,0.00,0.00,0,0,0.00,0.00,0,0
1503619727,eth0,0.00,0.00,0.00,0,0,0.00,0.00,0.00,0,0,0.00,0.00,0,0
1503619727,eth1,0.00,0.00,0.00,0,0,0.00,0.00,0.00,0,0,0.00,0.00,0,0
1503619727,s2,0.00,0.00,0.00,0,0,0.00,0.00,0.00,0,0,0.00,0.00,0,0
1503619727,s1-eth2,0.00,0.00,0.00,0,0,0.00,0.00,0.00,0,0,0.00,0.00,0,0
1503619727,s1-eth1,0.00,0.00,0.00,0,0,0.00,0.00,0.00,0,0,0.00,0.00,0,0
1503619727,s3,0.00,0.00,0.00,0,0,0.00,0.00,0.00,0,0,0.00,0.00,0,0
1503619727,s2-eth2,0.00,0.00,0.00,0,0,0.00,0.00,0.00,0,0,0.00,0.00,0,0
1503619727,s2-eth1,0.00,0.00,0.00,0,0,0.00,0.00,0.00,0,0,0.00,0.00,0,0
1503619727,lo,0.00,0.00,0.00,0,0,0.00,0.00,0.00,0,0,0.00,0.00,0,0
1503619727,s4,0.00,0.00,0.00,0,0,0.00,0.00,0.00,0,0,0.00,0.00,0,0
1503619727,s3-eth2,0.00,0.00,0.00,0,0,0.00,0.00,0.00,0,0,0.00,0.00,0,0
1503619727,s3-eth1,0.00,0.00,0.00,0,0,0.00,0.00,0.00,0,0,0.00,0.00,0,0
1503619727,total,0.00,0.00,0.00,0,0,0.00,0.00,0.00,0,0,0.00,0.00,0,0
1503619728,s5,0.00,0.00,0.00,0,0,0.00,0.00,0.00,0,0,0.00,0.00,0,0
1503619728,s1,0.00,1158.00,1158.00,1158,0,0.00,5.00,5.00,5,0,0.00,0.00,0,0
1503619728,eth0,152.00,245.00,397.00,245,152,2.00,2.00,4.00,2,2,0.00,0.00,0,0
1503619728,eth1,0.00,0.00,0.00,0,0,0.00,0.00,0.00,0,0,0.00,0.00,0,0
1503619728,s2,0.00,1579.00,1579.00,1579,0,0.00,7.00,7.00,7,0,0.00,0.00,0,0
1503619728,s1-eth2,31945.00,1227498.00,1259443.00,1227498,31945,426.00,815.00,1241.00,815,426,0.00,0.00,0,0
1503619728,s1-eth1,1226657.00,31228.00,1257885.00,31228,1226657,816.00,422.00,1238.00,422,816,0.00,0.00,0,0
1503619728,s3,0.00,1579.00,1579.00,1579,0,0.00,7.00,7.00,7,0,0.00,0.00,0,0
1503619728,s2-eth2,32807.00,1228716.00,1261523.00,1228716,32807,429.00,814.00,1243.00,814,429,0.00,0.00,0,0
1503619728,s2-eth1,1227498.00,31945.00,1259443.00,31945,1227498,815.00,426.00,1241.00,426,815,0.00,0.00,0,0
1503619728,lo,6448.00,6448.00,12896.00,6448,6448,62.00,62.00,124.00,62,62,0.00,0.00,0,0
1503619728,s4,0.00,0.00,0.00,0,0,0.00,0.00,0.00,0,0,0.00,0.00,0,0
1503619728,s3-eth2,33669.00,1227854.00,1261523.00,1227854,33669,432.00,811.00,1243.00,811,432,0.00,0.00,0,0
1503619728,s3-eth1,1228716.00,32807.00,1261523.00,32807,1228716,814.00,429.00,1243.00,429,814,0.00,0.00,0,0
1503619728,total,3787892.00,3791057.00,7578949.00,3791057,3787892,3796.00,3800.00,7596.00,3800,3796,0.00,0.00,0,0
1503619729,s5,0.00,0.00,0.00,0,0,0.00,0.00,0.00,0,0,0.00,0.00,0,0
1503619729,s1,0.00,438.00,438.00,438,0,0.00,2.00,2.00,2,0,0.00,0.00,0,0
1503619729,eth0,0.00,0.00,0.00,0,0,0.00,0.00,0.00,0,0,0.00,0.00,0,0
1503619729,eth1,0.00,0.00,0.00,0,0,0.00,0.00,0.00,0,0,0.00,0.00,0,0
1503619729,s2,0.00,438.00,438.00,438,0,0.00,2.00,2.00,2,0,0.00,0.00,0,0
1503619729,s1-eth2,32003.00,1249488.00,1281491.00,1249488,32003,429.00,827.00,1256.00,827,429,0.00,0.00,0,0
1503619729,s1-eth1,1249866.00,31746.00,1281612.00,31746,1249866,829.00,429.00,1258.00,429,829,0.00,0.00,0,0
1503619729,s3,0.00,438.00,438.00,438,0,0.00,2.00,2.00,2,0,0.00,0.00,0,0
1503619729,s2-eth2,32184.00,1249157.00,1281341.00,1249157,32184,431.00,826.00,1257.00,826,431,0.00,0.00,0,0
1503619729,s2-eth1,1249488.00,32003.00,1281491.00,32003,1249488,827.00,429.00,1256.00,429,827,0.00,0.00,0,0
1503619729,lo,1893.00,1893.00,3786.00,1893,1893,18.00,18.00,36.00,18,18,0.00,0.00,0,0
1503619729,s4,0.00,0.00,0.00,0,0,0.00,0.00,0.00,0,0,0.00,0.00,0,0
1503619729,s3-eth2,32217.00,1249050.00,1281267.00,1249050,32217,431.00,825.00,1256.00,825,431,0.00,0.00,0,0
1503619729,s3-eth1,1249157.00,32184.00,1281341.00,32184,1249157,826.00,431.00,1257.00,431,826,0.00,0.00,0,0
1503619729,total,3846808.00,3846835.00,7693643.00,3846835,3846808,3791.00,3791.00,7582.00,3791,3791,0.00,0.00,0,0
1503619730,s5,0.00,0.00,0.00,0,0,0.00,0.00,0.00,0,0,0.00,0.00,0,0
1503619730,s1,0.00,1120.00,1120.00,1120,0,0.00,6.00,6.00,6,0,0.00,0.00,0,0
1503619730,eth0,60.00,1568.00,1628.00,1568,60,1.00,8.00,9.00,8,1,0.00,0.00,0,0
1503619730,eth1,0.00,0.00,0.00,0,0,0.00,0.00,0.00,0,0,0.00,0.00,0,0
1503619730,s2,0.00,1120.00,1120.00,1120,0,0.00,6.00,6.00,6,0,0.00,0.00,0,0
1503619730,s1-eth2,32194.00,1251614.00,1283808.00,1251614,32194,432.00,831.00,1263.00,831,432,0.00,0.00,0,0
1503619730,s1-eth1,1249329.00,31742.00,1281071.00,31742,1249329,832.00,429.00,1261.00,429,832,0.00,0.00,0,0
1503619730,s3,0.00,1120.00,1120.00,1120,0,0.00,6.00,6.00,6,0,0.00,0.00,0,0
1503619730,s2-eth2,32792.00,1251236.00,1284028.00,1251236,32792,434.00,829.00,1263.00,829,434,0.00,0.00,0,0
1503619730,s2-eth1,1251614.00,32194.00,1283808.00,32194,1251614,831.00,432.00,1263.00,432,831,0.00,0.00,0,0
1503619730,lo,5457.00,5457.00,10914.00,5457,5457,54.00,54.00,108.00,54,54,0.00,0.00,0,0
1503619730,s4,0.00,0.00,0.00,0,0,0.00,0.00,0.00,0,0,0.00,0.00,0,0
1503619730,s3-eth2,33538.00,1250564.00,1284102.00,1250564,33538,438.00,826.00,1264.00,826,438,0.00,0.00,0,0
1503619730,s3-eth1,1251236.00,32792.00,1284028.00,32792,1251236,829.00,434.00,1263.00,434,829,0.00,0.00,0,0
1503619730,total,3856220.00,3860527.00,7716747.00,3860527,3856220,3851.00,3861.00,7712.00,3861,3851,0.00,0.00,0,0
1503619731,s5,0.00,0.00,0.00,0,0,0.00,0.00,0.00,0,0,0.00,0.00,0,0
1503619731,s1,70.00,471.00,541.00,471,70,1.00,3.00,4.00,3,1,0.00,0.00,0,0
1503619731,eth0,0.00,2818.00,2818.00,2818,0,0.00,10.00,10.00,10,0,0.00,0.00,0,0
1503619731,eth1,0.00,0.00,0.00,0,0,0.00,0.00,0.00,0,0,0.00,0.00,0,0
1503619731,s2,0.00,883.00,883.00,883,0,0.00,5.00,5.00,5,0,0.00,0.00,0,0
1503619731,s1-eth2,32855.00,1249521.00,1282376.00,1249521,32855,437.00,828.00,1265.00,828,437,0.00,0.00,0,0
1503619731,s1-eth1,1251105.00,32116.00,1283221.00,32116,1251105,830.00,434.00,1264.00,434,830,0.00,0.00,0,0
1503619731,s3,0.00,883.00,883.00,883,0,0.00,5.00,5.00,5,0,0.00,0.00,0,0
1503619731,s2-eth2,32929.00,1250634.00,1283563.00,1250634,32929,438.00,827.00,1265.00,827,438,0.00,0.00,0,0
1503619731,s2-eth1,1249521.00,32855.00,1282376.00,32855,1249521,828.00,437.00,1265.00,437,828,0.00,0.00,0,0
1503619731,lo,4386.00,4386.00,8772.00,4386,4386,48.00,48.00,96.00,48,48,0.00,0.00,0,0
1503619731,s4,0.00,0.00,0.00,0,0,0.00,0.00,0.00,0,0,0.00,0.00,0,0
1503619731,s3-eth2,32855.00,1250634.00,1283489.00,1250634,32855,437.00,827.00,1264.00,827,437,0.00,0.00,0,0
1503619731,s3-eth1,1250634.00,32929.00,1283563.00,32929,1250634,827.00,438.00,1265.00,438,827,0.00,0.00,0,0
1503619731,total,3854355.00,3858130.00,7712485.00,3858130,3854355,3846.00,3862.00,7708.00,3862,3846,0.00,0.00,0,0
1503619732,s5,0.00,0.00,0.00,0,0,0.00,0.00,0.00,0,0,0.00,0.00,0,0
1503619732,s1,0.00,342.00,342.00,342,0,0.00,1.00,1.00,1,0,0.00,0.00,0,0
1503619732,eth0,0.00,852.00,852.00,852,0,0.00,2.00,2.00,2,0,0.00,0.00,0,0
1503619732,eth1,0.00,0.00,0.00,0,0,0.00,0.00,0.00,0,0,0.00,0.00,0,0
1503619732,s2,0.00,0.00,0.00,0,0,0.00,0.00,0.00,0,0,0.00,0.00,0,0
1503619732,s1-eth2,30562.00,1250906.00,1281468.00,1250906,30562,413.00,827.00,1240.00,827,413,0.00,0.00,0,0
1503619732,s1-eth1,1250906.00,30562.00,1281468.00,30562,1250906,827.00,413.00,1240.00,413,827,0.00,0.00,0,0
1503619732,s3,0.00,0.00,0.00,0,0,0.00,0.00,0.00,0,0,0.00,0.00,0,0
1503619732,s2-eth2,30562.00,1250564.00,1281126.00,1250564,30562,413.00,826.00,1239.00,826,413,0.00,0.00,0,0
1503619732,s2-eth1,1250906.00,30562.00,1281468.00,30562,1250906,827.00,413.00,1240.00,413,827,0.00,0.00,0,0
1503619732,lo,326.00,326.00,652.00,326,326,3.00,3.00,6.00,3,3,0.00,0.00,0,0
1503619732,s4,0.00,0.00,0.00,0,0,0.00,0.00,0.00,0,0,0.00,0.00,0,0
1503619732,s3-eth2,30562.00,1250564.00,1281126.00,1250564,30562,413.00,826.00,1239.00,826,413,0.00,0.00,0,0
1503619732,s3-eth1,1250564.00,30562.00,1281126.00,30562,1250564,826.00,413.00,1239.00,413,826,0.00,0.00,0,0
1503619732,total,3844388.00,3845240.00,7689628.00,3845240,3844388,3722.00,3724.00,7446.00,3724,3722,0.00,0.00,0,0
1503619733,s5,0.00,0.00,0.00,0,0,0.00,0.00,0.00,0,0,0.00,0.00,0,0
1503619733,s1,0.00,107.00,107.00,107,0,0.00,1.00,1.00,1,0,0.00,0.00,0,0
1503619733,eth0,0.00,1164.00,1164.00,1164,0,0.00,2.00,2.00,2,0,0.00,0.00,0,0
1503619733,eth1,0.00,0.00,0.00,0,0,0.00,0.00,0.00,0,0,0.00,0.00,0,0
1503619733,s2,0.00,107.00,107.00,107,0,0.00,1.00,1.00,1,0,0.00,0.00,0,0
1503619733,s1-eth2,30562.00,1250671.00,1281233.00,1250671,30562,413.00,827.00,1240.00,827,413,0.00,0.00,0,0
1503619733,s1-eth1,1250778.00,30562.00,1281340.00,30562,1250778,828.00,413.00,1241.00,413,828,0.00,0.00,0,0
1503619733,s3,0.00,107.00,107.00,107,0,0.00,1.00,1.00,1,0,0.00,0.00,0,0
1503619733,s2-eth2,30669.00,1250671.00,1281340.00,1250671,30669,414.00,827.00,1241.00,827,414,0.00,0.00,0,0
1503619733,s2-eth1,1250671.00,30562.00,1281233.00,30562,1250671,827.00,413.00,1240.00,413,827,0.00,0.00,0,0
1503619733,lo,915.00,915.00,1830.00,915,915,9.00,9.00,18.00,9,9,0.00,0.00,0,0
1503619733,s4,0.00,0.00,0.00,0,0,0.00,0.00,0.00,0,0,0.00,0.00,0,0
1503619733,s3-eth2,30776.00,1250564.00,1281340.00,1250564,30776,415.00,826.00,1241.00,826,415,0.00,0.00,0,0
1503619733,s3-eth1,1250671.00,30669.00,1281340.00,30669,1250671,827.00,414.00,1241.00,414,827,0.00,0.00,0,0
1503619733,total,3845042.00,3846099.00,7691141.00,3846099,3845042,3733.00,3734.00,7467.00,3734,3733,0.00,0.00,0,0
1503619734,s5,0.00,0.00,0.00,0,0,0.00,0.00,0.00,0,0,0.00,0.00,0,0
1503619734,s1,0.00,247.00,247.00,247,0,0.00,3.00,3.00,3,0,0.00,0.00,0,0
1503619734,eth0,0.00,200.00,200.00,200,0,0.00,1.00,1.00,1,0,0.00,0.00,0,0
1503619734,eth1,0.00,0.00,0.00,0,0,0.00,0.00,0.00,0,0,0.00,0.00,0,0
1503619734,s2,0.00,247.00,247.00,247,0,0.00,3.00,3.00,3,0,0.00,0.00,0,0
1503619734,s1-eth2,30739.00,1249227.00,1279966.00,1249227,30739,415.00,827.00,1242.00,827,415,0.00,0.00,0,0
1503619734,s1-eth1,1249297.00,30558.00,1279855.00,30558,1249297,828.00,413.00,1241.00,413,828,0.00,0.00,0,0
1503619734,s3,0.00,247.00,247.00,247,0,0.00,3.00,3.00,3,0,0.00,0.00,0,0
1503619734,s2-eth2,30809.00,1249120.00,1279929.00,1249120,30809,416.00,826.00,1242.00,826,416,0.00,0.00,0,0
1503619734,s2-eth1,1249227.00,30739.00,1279966.00,30739,1249227,827.00,415.00,1242.00,415,827,0.00,0.00,0,0
1503619734,lo,2523.00,2523.00,5046.00,2523,2523,27.00,27.00,54.00,27,27,0.00,0.00,0,0
1503619734,s4,0.00,0.00,0.00,0,0,0.00,0.00,0.00,0,0,0.00,0.00,0,0
1503619734,s3-eth2,31221.00,1250564.00,1281785.00,1250564,31221,418.00,826.00,1244.00,826,418,0.00,0.00,0,0
1503619734,s3-eth1,1249120.00,30809.00,1279929.00,30809,1249120,826.00,416.00,1242.00,416,826,0.00,0.00,0,0
1503619734,total,3842936.00,3844481.00,7687417.00,3844481,3842936,3757.00,3760.00,7517.00,3760,3757,0.00,0.00,0,0
1503619735,s5,0.00,0.00,0.00,0,0,0.00,0.00,0.00,0,0,0.00,0.00,0,0
1503619735,s1,70.00,140.00,210.00,140,70,1.00,2.00,3.00,2,1,0.00,0.00,0,0
1503619735,eth0,0.00,0.00,0.00,0,0,0.00,0.00,0.00,0,0,0.00,0.00,0,0
1503619735,eth1,0.00,0.00,0.00,0,0,0.00,0.00,0.00,0,0,0.00,0.00,0,0
1503619735,s2,0.00,552.00,552.00,552,0,0.00,4.00,4.00,4,0,0.00,0.00,0,0
1503619735,s1-eth2,31044.00,1247676.00,1278720.00,1247676,31044,416.00,826.00,1242.00,826,416,0.00,0.00,0,0
1503619735,s1-eth1,1246574.00,30636.00,1277210.00,30636,1246574,827.00,414.00,1241.00,414,827,0.00,0.00,0,0
1503619735,s3,0.00,552.00,552.00,552,0,0.00,4.00,4.00,4,0,0.00,0.00,0,0
1503619735,s2-eth2,31044.00,1247606.00,1278650.00,1247606,31044,416.00,825.00,1241.00,825,416,0.00,0.00,0,0
1503619735,s2-eth1,1247676.00,31044.00,1278720.00,31044,1247676,826.00,416.00,1242.00,416,826,0.00,0.00,0,0
1503619735,lo,3064.00,3064.00,6128.00,3064,3064,33.00,33.00,66.00,33,33,0.00,0.00,0,0
1503619735,s4,0.00,0.00,0.00,0,0,0.00,0.00,0.00,0,0,0.00,0.00,0,0
1503619735,s3-eth2,31044.00,1247606.00,1278650.00,1247606,31044,416.00,825.00,1241.00,825,416,0.00,0.00,0,0
1503619735,s3-eth1,1247606.00,31044.00,1278650.00,31044,1247606,825.00,416.00,1241.00,416,825,0.00,0.00,0,0
1503619735,total,3838122.00,3839920.00,7678042.00,3839920,3838122,3760.00,3765.00,7525.00,3765,3760,0.00,0.00,0,0
1503619736,s5,0.00,0.00,0.00,0,0,0.00,0.00,0.00,0,0,0.00,0.00,0,0
1503619736,s1,0.00,342.00,342.00,342,0,0.00,1.00,1.00,1,0,0.00,0.00,0,0
1503619736,eth0,0.00,0.00,0.00,0,0,0.00,0.00,0.00,0,0,0.00,0.00,0,0
1503619736,eth1,0.00,0.00,0.00,0,0,0.00,0.00,0.00,0,0,0.00,0.00,0,0
1503619736,s2,0.00,342.00,342.00,342,0,0.00,1.00,1.00,1,0,0.00,0.00,0,0
1503619736,s1-eth2,30710.00,1249392.00,1280102.00,1249392,30710,415.00,826.00,1241.00,826,415,0.00,0.00,0,0
1503619736,s1-eth1,1250906.00,30636.00,1281542.00,30636,1250906,827.00,414.00,1241.00,414,827,0.00,0.00,0,0
1503619736,s3,0.00,342.00,342.00,342,0,0.00,1.00,1.00,1,0,0.00,0.00,0,0
1503619736,s2-eth2,31052.00,1249392.00,1280444.00,1249392,31052,416.00,826.00,1242.00,826,416,0.00,0.00,0,0
1503619736,s2-eth1,1249392.00,30710.00,1280102.00,30710,1249392,826.00,415.00,1241.00,415,826,0.00,0.00,0,0
1503619736,lo,1322.00,1322.00,2644.00,1322,1322,15.00,15.00,30.00,15,15,0.00,0.00,0,0
1503619736,s4,0.00,0.00,0.00,0,0,0.00,0.00,0.00,0,0,0.00,0.00,0,0
1503619736,s3-eth2,31052.00,1249050.00,1280102.00,1249050,31052,416.00,825.00,1241.00,825,416,0.00,0.00,0,0
1503619736,s3-eth1,1249392.00,31052.00,1280444.00,31052,1249392,826.00,416.00,1242.00,416,826,0.00,0.00,0,0
1503619736,total,3843826.00,3842580.00,7686406.00,3842580,3843826,3741.00,3740.00,7481.00,3740,3741,0.00,0.00,0,0
1503619737,s5,0.00,0.00,0.00,0,0,0.00,0.00,0.00,0,0,0.00,0.00,0,0
1503619737,s1,0.00,0.00,0.00,0,0,0.00,0.00,0.00,0,0,0.00,0.00,0,0
1503619737,eth0,0.00,1164.00,1164.00,1164,0,0.00,2.00,2.00,2,0,0.00,0.00,0,0
1503619737,eth1,0.00,0.00,0.00,0,0,0.00,0.00,0.00,0,0,0.00,0.00,0,0
1503619737,s2,0.00,0.00,0.00,0,0,0.00,0.00,0.00,0,0,0.00,0.00,0,0
1503619737,s1-eth2,30562.00,1250564.00,1281126.00,1250564,30562,413.00,826.00,1239.00,826,413,0.00,0.00,0,0
1503619737,s1-eth1,1250564.00,30562.00,1281126.00,30562,1250564,826.00,413.00,1239.00,413,826,0.00,0.00,0,0
1503619737,s3,0.00,0.00,0.00,0,0,0.00,0.00,0.00,0,0,0.00,0.00,0,0
1503619737,s2-eth2,30488.00,1250564.00,1281052.00,1250564,30488,412.00,826.00,1238.00,826,412,0.00,0.00,0,0
1503619737,s2-eth1,1250564.00,30562.00,1281126.00,30562,1250564,826.00,413.00,1239.00,413,826,0.00,0.00,0,0
1503619737,lo,0.00,0.00,0.00,0,0,0.00,0.00,0.00,0,0,0.00,0.00,0,0
1503619737,s4,0.00,0.00,0.00,0,0,0.00,0.00,0.00,0,0,0.00,0.00,0,0
1503619737,s3-eth2,30562.00,1250564.00,1281126.00,1250564,30562,413.00,826.00,1239.00,826,413,0.00,0.00,0,0
1503619737,s3-eth1,1250564.00,30488.00,1281052.00,30488,1250564,826.00,412.00,1238.00,412,826,0.00,0.00,0,0
1503619737,total,3843304.00,3844468.00,7687772.00,3844468,3843304,3716.00,3718.00,7434.00,3718,3716,0.00,0.00,0,0
1503619738,s5,0.00,0.00,0.00,0,0,0.00,0.00,0.00,0,0,0.00,0.00,0,0
1503619738,s1,0.00,0.00,0.00,0,0,0.00,0.00,0.00,0,0,0.00,0.00,0,0
1503619738,eth0,0.00,0.00,0.00,0,0,0.00,0.00,0.00,0,0,0.00,0.00,0,0
1503619738,eth1,0.00,0.00,0.00,0,0,0.00,0.00,0.00,0,0,0.00,0.00,0,0
1503619738,s2,0.00,0.00,0.00,0,0,0.00,0.00,0.00,0,0,0.00,0.00,0,0
1503619738,s1-eth2,30562.00,1250564.00,1281126.00,1250564,30562,413.00,826.00,1239.00,826,413,0.00,0.00,0,0
1503619738,s1-eth1,1250564.00,30562.00,1281126.00,30562,1250564,826.00,413.00,1239.00,413,826,0.00,0.00,0,0
1503619738,s3,0.00,0.00,0.00,0,0,0.00,0.00,0.00,0,0,0.00,0.00,0,0
1503619738,s2-eth2,30562.00,1250564.00,1281126.00,1250564,30562,413.00,826.00,1239.00,826,413,0.00,0.00,0,0
1503619738,s2-eth1,1250564.00,30562.00,1281126.00,30562,1250564,826.00,413.00,1239.00,413,826,0.00,0.00,0,0
1503619738,lo,0.00,0.00,0.00,0,0,0.00,0.00,0.00,0,0,0.00,0.00,0,0
1503619738,s4,0.00,0.00,0.00,0,0,0.00,0.00,0.00,0,0,0.00,0.00,0,0
1503619738,s3-eth2,30562.00,1250564.00,1281126.00,1250564,30562,413.00,826.00,1239.00,826,413,0.00,0.00,0,0
1503619738,s3-eth1,1250564.00,30562.00,1281126.00,30562,1250564,826.00,413.00,1239.00,413,826,0.00,0.00,0,0
1503619738,total,3843378.00,3843378.00,7686756.00,3843378,3843378,3717.00,3717.00,7434.00,3717,3717,0.00,0.00,0,0
1503619739,s5,0.00,0.00,0.00,0,0,0.00,0.00,0.00,0,0,0.00,0.00,0,0
1503619739,s1,0.00,0.00,0.00,0,0,0.00,0.00,0.00,0,0,0.00,0.00,0,0
1503619739,eth0,0.00,0.00,0.00,0,0,0.00,0.00,0.00,0,0,0.00,0.00,0,0
1503619739,eth1,0.00,0.00,0.00,0,0,0.00,0.00,0.00,0,0,0.00,0.00,0,0
1503619739,s2,0.00,0.00,0.00,0,0,0.00,0.00,0.00,0,0,0.00,0.00,0,0
1503619739,s1-eth2,30562.00,1250564.00,1281126.00,1250564,30562,413.00,826.00,1239.00,826,413,0.00,0.00,0,0
1503619739,s1-eth1,1250564.00,30562.00,1281126.00,30562,1250564,826.00,413.00,1239.00,413,826,0.00,0.00,0,0
1503619739,s3,0.00,0.00,0.00,0,0,0.00,0.00,0.00,0,0,0.00,0.00,0,0
1503619739,s2-eth2,30562.00,1250564.00,1281126.00,1250564,30562,413.00,826.00,1239.00,826,413,0.00,0.00,0,0
1503619739,s2-eth1,1250564.00,30562.00,1281126.00,30562,1250564,826.00,413.00,1239.00,413,826,0.00,0.00,0,0
1503619739,lo,0.00,0.00,0.00,0,0,0.00,0.00,0.00,0,0,0.00,0.00,0,0
1503619739,s4,0.00,0.00,0.00,0,0,0.00,0.00,0.00,0,0,0.00,0.00,0,0
1503619739,s3-eth2,30562.00,1250564.00,1281126.00,1250564,30562,413.00,826.00,1239.00,826,413,0.00,0.00,0,0
1503619739,s3-eth1,1250564.00,30562.00,1281126.00,30562,1250564,826.00,413.00,1239.00,413,826,0.00,0.00,0,0
1503619739,total,3843378.00,3843378.00,7686756.00,3843378,3843378,3717.00,3717.00,7434.00,3717,3717,0.00,0.00,0,0
1503619740,s5,0.00,0.00,0.00,0,0,0.00,0.00,0.00,0,0,0.00,0.00,0,0
1503619740,s1,0.00,0.00,0.00,0,0,0.00,0.00,0.00,0,0,0.00,0.00,0,0
1503619740,eth0,0.00,0.00,0.00,0,0,0.00,0.00,0.00,0,0,0.00,0.00,0,0
1503619740,eth1,0.00,0.00,0.00,0,0,0.00,0.00,0.00,0,0,0.00,0.00,0,0
1503619740,s2,0.00,0.00,0.00,0,0,0.00,0.00,0.00,0,0,0.00,0.00,0,0
1503619740,s1-eth2,30562.00,1250564.00,1281126.00,1250564,30562,413.00,826.00,1239.00,826,413,0.00,0.00,0,0
1503619740,s1-eth1,1250564.00,30562.00,1281126.00,30562,1250564,826.00,413.00,1239.00,413,826,0.00,0.00,0,0
1503619740,s3,0.00,0.00,0.00,0,0,0.00,0.00,0.00,0,0,0.00,0.00,0,0
1503619740,s2-eth2,30562.00,1250564.00,1281126.00,1250564,30562,413.00,826.00,1239.00,826,413,0.00,0.00,0,0
1503619740,s2-eth1,1250564.00,30562.00,1281126.00,30562,1250564,826.00,413.00,1239.00,413,826,0.00,0.00,0,0
1503619740,lo,0.00,0.00,0.00,0,0,0.00,0.00,0.00,0,0,0.00,0.00,0,0
1503619740,s4,0.00,0.00,0.00,0,0,0.00,0.00,0.00,0,0,0.00,0.00,0,0
1503619740,s3-eth2,30562.00,1250564.00,1281126.00,1250564,30562,413.00,826.00,1239.00,826,413,0.00,0.00,0,0
1503619740,s3-eth1,1250564.00,30562.00,1281126.00,30562,1250564,826.00,413.00,1239.00,413,826,0.00,0.00,0,0
1503619740,total,3843378.00,3843378.00,7686756.00,3843378,3843378,3717.00,3717.00,7434.00,3717,3717,0.00,0.00,0,0
1503619741,s5,0.00,0.00,0.00,0,0,0.00,0.00,0.00,0,0,0.00,0.00,0,0
1503619741,s1,0.00,449.00,449.00,449,0,0.00,2.00,2.00,2,0,0.00,0.00,0,0
1503619741,eth0,0.00,0.00,0.00,0,0,0.00,0.00,0.00,0,0,0.00,0.00,0,0
1503619741,eth1,0.00,0.00,0.00,0,0,0.00,0.00,0.00,0,0,0.00,0.00,0,0
1503619741,s2,0.00,107.00,107.00,107,0,0.00,1.00,1.00,1,0,0.00,0.00,0,0
1503619741,s1-eth2,30383.62,1243713.38,1274097.00,1244957,30414,410.59,823.18,1233.77,824,411,0.00,0.00,0,0
1503619741,s1-eth1,1245332.75,30457.54,1275790.25,30488,1246578,825.17,411.59,1236.76,412,826,0.00,0.00,0,0
1503619741,s3,0.00,106.89,106.89,107,0,0.00,1.00,1.00,1,0,0.00,0.00,0,0
1503619741,s2-eth2,30564.44,1244884.12,1275448.62,1246129,30595,412.59,823.18,1235.76,824,413,0.00,0.00,0,0
1503619741,s2-eth1,1245225.75,30383.62,1275609.38,30414,1246471,824.18,410.59,1234.77,411,825,0.00,0.00,0,0
1503619741,lo,2098.90,2098.90,4197.80,2101,2101,26.97,26.97,53.95,27,27,0.00,0.00,0,0
1503619741,s4,0.00,0.00,0.00,0,0,0.00,0.00,0.00,0,0,0.00,0.00,0,0
1503619741,s3-eth2,30671.33,1246289.75,1276961.12,1247536,30702,413.59,823.18,1236.76,824,414,0.00,0.00,0,0
1503619741,s3-eth1,1244884.12,30564.44,1275448.62,30595,1246129,823.18,412.59,1235.76,413,824,0.00,0.00,0,0
1503619741,total,3829161.00,3829054.00,7658215.00,3832883,3832990,3736.26,3735.26,7471.53,3739,3740,0.00,0.00,0,0
1503619742,s5,0.00,0.00,0.00,0,0,0.00,0.00,0.00,0,0,0.00,0.00,0,0
1503619742,s1,0.00,106.89,106.89,107,0,0.00,1.00,1.00,1,0,0.00,0.00,0,0
1503619742,eth0,0.00,0.00,0.00,0,0,0.00,0.00,0.00,0,0,0.00,0.00,0,0
1503619742,eth1,0.00,0.00,0.00,0,0,0.00,0.00,0.00,0,0,0.00,0.00,0,0
1503619742,s2,0.00,106.89,106.89,107,0,0.00,1.00,1.00,1,0,0.00,0.00,0,0
1503619742,s1-eth2,30595.00,1247643.00,1278238.00,1247643,30595,413.00,825.00,1238.00,825,413,0.00,0.00,0,0
1503619742,s1-eth1,1244615.00,30414.00,1275029.00,30414,1244615,823.00,411.00,1234.00,411,823,0.00,0.00,0,0
1503619742,s3,0.00,107.00,107.00,107,0,0.00,1.00,1.00,1,0,0.00,0.00,0,0
1503619742,s2-eth2,30521.00,1246022.00,1276543.00,1246022,30521,412.00,823.00,1235.00,823,412,0.00,0.00,0,0
1503619742,s2-eth1,1246129.00,30595.00,1276724.00,30595,1246129,824.00,413.00,1237.00,413,824,0.00,0.00,0,0
1503619742,lo,915.00,915.00,1830.00,915,915,9.00,9.00,18.00,9,9,0.00,0.00,0,0
1503619742,s4,0.00,0.00,0.00,0,0,0.00,0.00,0.00,0,0,0.00,0.00,0,0
1503619742,s3-eth2,30521.00,1246022.00,1276543.00,1246022,30521,412.00,823.00,1235.00,823,412,0.00,0.00,0,0
1503619742,s3-eth1,1246022.00,30521.00,1276543.00,30521,1246022,823.00,412.00,1235.00,412,823,0.00,0.00,0,0
1503619742,total,3829318.00,3832453.00,7661771.00,3832453,3829318,3716.00,3719.00,7435.00,3719,3716,0.00,0.00,0,0
1503619743,s5,0.00,0.00,0.00,0,0,0.00,0.00,0.00,0,0,0.00,0.00,0,0
1503619743,s1,0.00,0.00,0.00,0,0,0.00,0.00,0.00,0,0,0.00,0.00,0,0
1503619743,eth0,0.00,380.00,380.00,380,0,0.00,2.00,2.00,2,0,0.00,0.00,0,0
1503619743,eth1,0.00,0.00,0.00,0,0,0.00,0.00,0.00,0,0,0.00,0.00,0,0
1503619743,s2,0.00,0.00,0.00,0,0,0.00,0.00,0.00,0,0,0.00,0.00,0,0
1503619743,s1-eth2,30562.00,1250564.00,1281126.00,1250564,30562,413.00,826.00,1239.00,826,413,0.00,0.00,0,0
1503619743,s1-eth1,1250564.00,30562.00,1281126.00,30562,1250564,826.00,413.00,1239.00,413,826,0.00,0.00,0,0
1503619743,s3,0.00,0.00,0.00,0,0,0.00,0.00,0.00,0,0,0.00,0.00,0,0
1503619743,s2-eth2,30562.00,1250564.00,1281126.00,1250564,30562,413.00,826.00,1239.00,826,413,0.00,0.00,0,0
1503619743,s2-eth1,1250564.00,30562.00,1281126.00,30562,1250564,826.00,413.00,1239.00,413,826,0.00,0.00,0,0
1503619743,lo,0.00,0.00,0.00,0,0,0.00,0.00,0.00,0,0,0.00,0.00,0,0
1503619743,s4,0.00,0.00,0.00,0,0,0.00,0.00,0.00,0,0,0.00,0.00,0,0
1503619743,s3-eth2,30904.00,1250564.00,1281468.00,1250564,30904,414.00,826.00,1240.00,826,414,0.00,0.00,0,0
1503619743,s3-eth1,1250564.00,30562.00,1281126.00,30562,1250564,826.00,413.00,1239.00,413,826,0.00,0.00,0,0
1503619743,total,3843720.00,3843758.00,7687478.00,3843758,3843720,3718.00,3719.00,7437.00,3719,3718,0.00,0.00,0,0
1503619744,s5,0.00,0.00,0.00,0,0,0.00,0.00,0.00,0,0,0.00,0.00,0,0
1503619744,s1,0.00,0.00,0.00,0,0,0.00,0.00,0.00,0,0,0.00,0.00,0,0
1503619744,eth0,0.00,0.00,0.00,0,0,0.00,0.00,0.00,0,0,0.00,0.00,0,0
1503619744,eth1,0.00,0.00,0.00,0,0,0.00,0.00,0.00,0,0,0.00,0.00,0,0
1503619744,s2,0.00,0.00,0.00,0,0,0.00,0.00,0.00,0,0,0.00,0.00,0,0
1503619744,s1-eth2,30414.00,1247536.00,1277950.00,1247536,30414,411.00,824.00,1235.00,824,411,0.00,0.00,0,0
1503619744,s1-eth1,1247536.00,30488.00,1278024.00,30488,1247536,824.00,412.00,1236.00,412,824,0.00,0.00,0,0
1503619744,s3,0.00,0.00,0.00,0,0,0.00,0.00,0.00,0,0,0.00,0.00,0,0
1503619744,s2-eth2,30488.00,1247536.00,1278024.00,1247536,30488,412.00,824.00,1236.00,824,412,0.00,0.00,0,0
1503619744,s2-eth1,1247536.00,30414.00,1277950.00,30414,1247536,824.00,411.00,1235.00,411,824,0.00,0.00,0,0
1503619744,lo,0.00,0.00,0.00,0,0,0.00,0.00,0.00,0,0,0.00,0.00,0,0
1503619744,s4,0.00,0.00,0.00,0,0,0.00,0.00,0.00,0,0,0.00,0.00,0,0
1503619744,s3-eth2,30414.00,1247536.00,1277950.00,1247536,30414,411.00,824.00,1235.00,824,411,0.00,0.00,0,0
1503619744,s3-eth1,1247536.00,30488.00,1278024.00,30488,1247536,824.00,412.00,1236.00,412,824,0.00,0.00,0,0
1503619744,total,3833924.00,3833998.00,7667922.00,3833998,3833924,3706.00,3707.00,7413.00,3707,3706,0.00,0.00,0,0
1503619745,s5,0.00,0.00,0.00,0,0,0.00,0.00,0.00,0,0,0.00,0.00,0,0
1503619745,s1,0.00,0.00,0.00,0,0,0.00,0.00,0.00,0,0,0.00,0.00,0,0
1503619745,eth0,0.00,0.00,0.00,0,0,0.00,0.00,0.00,0,0,0.00,0.00,0,0
1503619745,eth1,0.00,0.00,0.00,0,0,0.00,0.00,0.00,0,0,0.00,0.00,0,0
1503619745,s2,0.00,0.00,0.00,0,0,0.00,0.00,0.00,0,0,0.00,0.00,0,0
1503619745,s1-eth2,30562.00,1250564.00,1281126.00,1250564,30562,413.00,826.00,1239.00,826,413,0.00,0.00,0,0
1503619745,s1-eth1,1250564.00,30562.00,1281126.00,30562,1250564,826.00,413.00,1239.00,413,826,0.00,0.00,0,0
1503619745,s3,0.00,0.00,0.00,0,0,0.00,0.00,0.00,0,0,0.00,0.00,0,0
1503619745,s2-eth2,30562.00,1250564.00,1281126.00,1250564,30562,413.00,826.00,1239.00,826,413,0.00,0.00,0,0
1503619745,s2-eth1,1250564.00,30562.00,1281126.00,30562,1250564,826.00,413.00,1239.00,413,826,0.00,0.00,0,0
1503619745,lo,0.00,0.00,0.00,0,0,0.00,0.00,0.00,0,0,0.00,0.00,0,0
1503619745,s4,0.00,0.00,0.00,0,0,0.00,0.00,0.00,0,0,0.00,0.00,0,0
1503619745,s3-eth2,30562.00,1250564.00,1281126.00,1250564,30562,413.00,826.00,1239.00,826,413,0.00,0.00,0,0
1503619745,s3-eth1,1250564.00,30562.00,1281126.00,30562,1250564,826.00,413.00,1239.00,413,826,0.00,0.00,0,0
1503619745,total,3843378.00,3843378.00,7686756.00,3843378,3843378,3717.00,3717.00,7434.00,3717,3717,0.00,0.00,0,0
1503619746,s5,0.00,0.00,0.00,0,0,0.00,0.00,0.00,0,0,0.00,0.00,0,0
1503619746,s1,0.00,0.00,0.00,0,0,0.00,0.00,0.00,0,0,0.00,0.00,0,0
1503619746,eth0,0.00,0.00,0.00,0,0,0.00,0.00,0.00,0,0,0.00,0.00,0,0
1503619746,eth1,0.00,0.00,0.00,0,0,0.00,0.00,0.00,0,0,0.00,0.00,0,0
1503619746,s2,0.00,0.00,0.00,0,0,0.00,0.00,0.00,0,0,0.00,0.00,0,0
1503619746,s1-eth2,30562.00,1250564.00,1281126.00,1250564,30562,413.00,826.00,1239.00,826,413,0.00,0.00,0,0
1503619746,s1-eth1,1250564.00,30562.00,1281126.00,30562,1250564,826.00,413.00,1239.00,413,826,0.00,0.00,0,0
1503619746,s3,0.00,0.00,0.00,0,0,0.00,0.00,0.00,0,0,0.00,0.00,0,0
1503619746,s2-eth2,30562.00,1250564.00,1281126.00,1250564,30562,413.00,826.00,1239.00,826,413,0.00,0.00,0,0
1503619746,s2-eth1,1250564.00,30562.00,1281126.00,30562,1250564,826.00,413.00,1239.00,413,826,0.00,0.00,0,0
1503619746,lo,516.00,516.00,1032.00,516,516,9.00,9.00,18.00,9,9,0.00,0.00,0,0
1503619746,s4,0.00,0.00,0.00,0,0,0.00,0.00,0.00,0,0,0.00,0.00,0,0
1503619746,s3-eth2,30562.00,1250564.00,1281126.00,1250564,30562,413.00,826.00,1239.00,826,413,0.00,0.00,0,0
1503619746,s3-eth1,1250564.00,30562.00,1281126.00,30562,1250564,826.00,413.00,1239.00,413,826,0.00,0.00,0,0
1503619746,total,3843894.00,3843894.00,7687788.00,3843894,3843894,3726.00,3726.00,7452.00,3726,3726,0.00,0.00,0,0
1503619747,s5,0.00,0.00,0.00,0,0,0.00,0.00,0.00,0,0,0.00,0.00,0,0
1503619747,s1,0.00,342.00,342.00,342,0,0.00,1.00,1.00,1,0,0.00,0.00,0,0
1503619747,eth0,0.00,0.00,0.00,0,0,0.00,0.00,0.00,0,0,0.00,0.00,0,0
1503619747,eth1,0.00,0.00,0.00,0,0,0.00,0.00,0.00,0,0,0.00,0.00,0,0
1503619747,s2,0.00,684.00,684.00,684,0,0.00,2.00,2.00,2,0,0.00,0.00,0,0
1503619747,s1-eth2,30830.00,1249392.00,1280222.00,1249392,30830,413.00,826.00,1239.00,826,413,0.00,0.00,0,0
1503619747,s1-eth1,1248220.00,30488.00,1278708.00,30488,1248220,826.00,412.00,1238.00,412,826,0.00,0.00,0,0
1503619747,s3,0.00,342.00,342.00,342,0,0.00,1.00,1.00,1,0,0.00,0.00,0,0
1503619747,s2-eth2,30830.00,1249392.00,1280222.00,1249392,30830,413.00,826.00,1239.00,826,413,0.00,0.00,0,0
1503619747,s2-eth1,1249392.00,30830.00,1280222.00,30830,1249392,826.00,413.00,1239.00,413,826,0.00,0.00,0,0
1503619747,lo,1476.00,1476.00,2952.00,1476,1476,15.00,15.00,30.00,15,15,0.00,0.00,0,0
1503619747,s4,0.00,0.00,0.00,0,0,0.00,0.00,0.00,0,0,0.00,0.00,0,0
1503619747,s3-eth2,30904.00,1249050.00,1279954.00,1249050,30904,414.00,825.00,1239.00,825,414,0.00,0.00,0,0
1503619747,s3-eth1,1249392.00,30830.00,1280222.00,30830,1249392,826.00,413.00,1239.00,413,826,0.00,0.00,0,0
1503619747,total,3841044.00,3842826.00,7683870.00,3842826,3841044,3733.00,3734.00,7467.00,3734,3733,0.00,0.00,0,0
1503619748,s5,0.00,0.00,0.00,0,0,0.00,0.00,0.00,0,0,0.00,0.00,0,0
1503619748,s1,0.00,0.00,0.00,0,0,0.00,0.00,0.00,0,0,0.00,0.00,0,0
1503619748,eth0,0.00,0.00,0.00,0,0,0.00,0.00,0.00,0,0,0.00,0.00,0,0
1503619748,eth1,0.00,0.00,0.00,0,0,0.00,0.00,0.00,0,0,0.00,0.00,0,0
1503619748,s2,0.00,0.00,0.00,0,0,0.00,0.00,0.00,0,0,0.00,0.00,0,0
1503619748,s1-eth2,30636.00,1250564.00,1281200.00,1250564,30636,414.00,826.00,1240.00,826,414,0.00,0.00,0,0
1503619748,s1-eth1,1250564.00,30562.00,1281126.00,30562,1250564,826.00,413.00,1239.00,413,826,0.00,0.00,0,0
1503619748,s3,0.00,0.00,0.00,0,0,0.00,0.00,0.00,0,0,0.00,0.00,0,0
1503619748,s2-eth2,30562.00,1250564.00,1281126.00,1250564,30562,413.00,826.00,1239.00,826,413,0.00,0.00,0,0
1503619748,s2-eth1,1250564.00,30636.00,1281200.00,30636,1250564,826.00,414.00,1240.00,414,826,0.00,0.00,0,0
1503619748,lo,0.00,0.00,0.00,0,0,0.00,0.00,0.00,0,0,0.00,0.00,0,0
1503619748,s4,0.00,0.00,0.00,0,0,0.00,0.00,0.00,0,0,0.00,0.00,0,0
1503619748,s3-eth2,30488.00,1250564.00,1281052.00,1250564,30488,412.00,826.00,1238.00,826,412,0.00,0.00,0,0
1503619748,s3-eth1,1250564.00,30562.00,1281126.00,30562,1250564,826.00,413.00,1239.00,413,826,0.00,0.00,0,0
1503619748,total,3843378.00,3843452.00,7686830.00,3843452,3843378,3717.00,3718.00,7435.00,3718,3717,0.00,0.00,0,0
1503619749,s5,0.00,0.00,0.00,0,0,0.00,0.00,0.00,0,0,0.00,0.00,0,0
1503619749,s1,0.00,0.00,0.00,0,0,0.00,0.00,0.00,0,0,0.00,0.00,0,0
1503619749,eth0,0.00,0.00,0.00,0,0,0.00,0.00,0.00,0,0,0.00,0.00,0,0
1503619749,eth1,0.00,0.00,0.00,0,0,0.00,0.00,0.00,0,0,0.00,0.00,0,0
1503619749,s2,0.00,0.00,0.00,0,0,0.00,0.00,0.00,0,0,0.00,0.00,0,0
1503619749,s1-eth2,30488.00,1249050.00,1279538.00,1249050,30488,412.00,825.00,1237.00,825,412,0.00,0.00,0,0
1503619749,s1-eth1,1250564.00,30562.00,1281126.00,30562,1250564,826.00,413.00,1239.00,413,826,0.00,0.00,0,0
1503619749,s3,0.00,0.00,0.00,0,0,0.00,0.00,0.00,0,0,0.00,0.00,0,0
1503619749,s2-eth2,30562.00,1249050.00,1279612.00,1249050,30562,413.00,825.00,1238.00,825,413,0.00,0.00,0,0
1503619749,s2-eth1,1249050.00,30488.00,1279538.00,30488,1249050,825.00,412.00,1237.00,412,825,0.00,0.00,0,0
1503619749,lo,0.00,0.00,0.00,0,0,0.00,0.00,0.00,0,0,0.00,0.00,0,0
1503619749,s4,0.00,0.00,0.00,0,0,0.00,0.00,0.00,0,0,0.00,0.00,0,0
1503619749,s3-eth2,30562.00,1250564.00,1281126.00,1250564,30562,413.00,826.00,1239.00,826,413,0.00,0.00,0,0
1503619749,s3-eth1,1249050.00,30562.00,1279612.00,30562,1249050,825.00,413.00,1238.00,413,825,0.00,0.00,0,0
1503619749,total,3840276.00,3840276.00,7680552.00,3840276,3840276,3714.00,3714.00,7428.00,3714,3714,0.00,0.00,0,0
1503619750,s5,0.00,0.00,0.00,0,0,0.00,0.00,0.00,0,0,0.00,0.00,0,0
1503619750,s1,0.00,0.00,0.00,0,0,0.00,0.00,0.00,0,0,0.00,0.00,0,0
1503619750,eth0,0.00,0.00,0.00,0,0,0.00,0.00,0.00,0,0,0.00,0.00,0,0
1503619750,eth1,0.00,0.00,0.00,0,0,0.00,0.00,0.00,0,0,0.00,0.00,0,0
1503619750,s2,0.00,0.00,0.00,0,0,0.00,0.00,0.00,0,0,0.00,0.00,0,0
1503619750,s1-eth2,30266.00,1239966.00,1270232.00,1239966,30266,409.00,819.00,1228.00,819,409,0.00,0.00,0,0
1503619750,s1-eth1,1238452.00,30266.00,1268718.00,30266,1238452,818.00,409.00,1227.00,409,818,0.00,0.00,0,0
1503619750,s3,0.00,342.00,342.00,342,0,0.00,1.00,1.00,1,0,0.00,0.00,0,0
1503619750,s2-eth2,30608.00,1239966.00,1270574.00,1239966,30608,410.00,819.00,1229.00,819,410,0.00,0.00,0,0
1503619750,s2-eth1,1239966.00,30266.00,1270232.00,30266,1239966,819.00,409.00,1228.00,409,819,0.00,0.00,0,0
1503619750,lo,326.00,326.00,652.00,326,326,3.00,3.00,6.00,3,3,0.00,0.00,0,0
1503619750,s4,0.00,0.00,0.00,0,0,0.00,0.00,0.00,0,0,0.00,0.00,0,0
1503619750,s3-eth2,30682.00,1238452.00,1269134.00,1238452,30682,411.00,818.00,1229.00,818,411,0.00,0.00,0,0
1503619750,s3-eth1,1239966.00,30608.00,1270574.00,30608,1239966,819.00,410.00,1229.00,410,819,0.00,0.00,0,0
1503619750,total,3810266.00,3810192.00,7620458.00,3810192,3810266,3689.00,3688.00,7377.00,3688,3689,0.00,0.00,0,0
1503619751,s5,0.00,0.00,0.00,0,0,0.00,0.00,0.00,0,0,0.00,0.00,0,0
1503619751,s1,0.00,0.00,0.00,0,0,0.00,0.00,0.00,0,0,0.00,0.00,0,0
1503619751,eth0,0.00,0.00,0.00,0,0,0.00,0.00,0.00,0,0,0.00,0.00,0,0
1503619751,eth1,0.00,0.00,0.00,0,0,0.00,0.00,0.00,0,0,0.00,0.00,0,0
1503619751,s2,0.00,0.00,0.00,0,0,0.00,0.00,0.00,0,0,0.00,0.00,0,0
1503619751,s1-eth2,30488.00,1242994.00,1273482.00,1242994,30488,412.00,821.00,1233.00,821,412,0.00,0.00,0,0
1503619751,s1-eth1,1242994.00,30414.00,1273408.00,30414,1242994,821.00,411.00,1232.00,411,821,0.00,0.00,0,0
1503619751,s3,0.00,0.00,0.00,0,0,0.00,0.00,0.00,0,0,0.00,0.00,0,0
1503619751,s2-eth2,30414.00,1242994.00,1273408.00,1242994,30414,411.00,821.00,1232.00,821,411,0.00,0.00,0,0
1503619751,s2-eth1,1242994.00,30488.00,1273482.00,30488,1242994,821.00,412.00,1233.00,412,821,0.00,0.00,0,0
1503619751,lo,516.00,516.00,1032.00,516,516,9.00,9.00,18.00,9,9,0.00,0.00,0,0
1503619751,s4,0.00,0.00,0.00,0,0,0.00,0.00,0.00,0,0,0.00,0.00,0,0
1503619751,s3-eth2,30414.00,1244508.00,1274922.00,1244508,30414,411.00,822.00,1233.00,822,411,0.00,0.00,0,0
1503619751,s3-eth1,1242994.00,30414.00,1273408.00,30414,1242994,821.00,411.00,1232.00,411,821,0.00,0.00,0,0
1503619751,total,3820814.00,3822328.00,7643142.00,3822328,3820814,3706.00,3707.00,7413.00,3707,3706,0.00,0.00,0,0
1503619752,s5,0.00,0.00,0.00,0,0,0.00,0.00,0.00,0,0,0.00,0.00,0,0
1503619752,s1,0.00,342.00,342.00,342,0,0.00,1.00,1.00,1,0,0.00,0.00,0,0
1503619752,eth0,0.00,0.00,0.00,0,0,0.00,0.00,0.00,0,0,0.00,0.00,0,0
1503619752,eth1,0.00,0.00,0.00,0,0,0.00,0.00,0.00,0,0,0.00,0.00,0,0
1503619752,s2,0.00,0.00,0.00,0,0,0.00,0.00,0.00,0,0,0.00,0.00,0,0
1503619752,s1-eth2,30562.00,1250906.00,1281468.00,1250906,30562,413.00,827.00,1240.00,827,413,0.00,0.00,0,0
1503619752,s1-eth1,1250906.00,30562.00,1281468.00,30562,1250906,827.00,413.00,1240.00,413,827,0.00,0.00,0,0
1503619752,s3,0.00,0.00,0.00,0,0,0.00,0.00,0.00,0,0,0.00,0.00,0,0
1503619752,s2-eth2,30562.00,1250564.00,1281126.00,1250564,30562,413.00,826.00,1239.00,826,413,0.00,0.00,0,0
1503619752,s2-eth1,1250906.00,30562.00,1281468.00,30562,1250906,827.00,413.00,1240.00,413,827,0.00,0.00,0,0
1503619752,lo,498.00,498.00,996.00,498,498,6.00,6.00,12.00,6,6,0.00,0.00,0,0
1503619752,s4,0.00,0.00,0.00,0,0,0.00,0.00,0.00,0,0,0.00,0.00,0,0
1503619752,s3-eth2,30562.00,1250564.00,1281126.00,1250564,30562,413.00,826.00,1239.00,826,413,0.00,0.00,0,0
1503619752,s3-eth1,1250564.00,30562.00,1281126.00,30562,1250564,826.00,413.00,1239.00,413,826,0.00,0.00,0,0
1503619752,total,3844560.00,3844560.00,7689120.00,3844560,3844560,3725.00,3725.00,7450.00,3725,3725,0.00,0.00,0,0
1503619753,s5,0.00,0.00,0.00,0,0,0.00,0.00,0.00,0,0,0.00,0.00,0,0
1503619753,s1,0.00,0.00,0.00,0,0,0.00,0.00,0.00,0,0,0.00,0.00,0,0
1503619753,eth0,0.00,0.00,0.00,0,0,0.00,0.00,0.00,0,0,0.00,0.00,0,0
1503619753,eth1,0.00,0.00,0.00,0,0,0.00,0.00,0.00,0,0,0.00,0.00,0,0
1503619753,s2,0.00,0.00,0.00,0,0,0.00,0.00,0.00,0,0,0.00,0.00,0,0
1503619753,s1-eth2,30457.54,1247802.25,1278259.75,1249050,30488,411.59,824.18,1235.76,825,412,0.00,0.00,0,0
1503619753,s1-eth1,1247802.25,30531.47,1278333.75,30562,1249050,824.18,412.59,1236.76,413,825,0.00,0.00,0,0
1503619753,s3,0.00,0.00,0.00,0,0,0.00,0.00,0.00,0,0,0.00,0.00,0,0
1503619753,s2-eth2,30531.47,1249314.75,1279846.25,1250564,30562,412.59,825.17,1237.76,826,413,0.00,0.00,0,0
1503619753,s2-eth1,1247802.25,30457.54,1278259.75,30488,1249050,824.18,411.59,1235.76,412,825,0.00,0.00,0,0
1503619753,lo,0.00,0.00,0.00,0,0,0.00,0.00,0.00,0,0,0.00,0.00,0,0
1503619753,s4,0.00,0.00,0.00,0,0,0.00,0.00,0.00,0,0,0.00,0.00,0,0
1503619753,s3-eth2,30799.20,1247802.25,1278601.38,1249050,30830,412.59,824.18,1236.76,825,413,0.00,0.00,0,0
1503619753,s3-eth1,1249314.75,30531.47,1279846.25,30562,1250564,825.17,412.59,1237.76,413,826,0.00,0.00,0,0
1503619753,total,3836707.50,3836439.75,7673147.00,3840276,3840544,3710.29,3710.29,7420.58,3714,3714,0.00,0.00,0,0
1503619754,s5,0.00,0.00,0.00,0,0,0.00,0.00,0.00,0,0,0.00,0.00,0,0
1503619754,s1,0.00,342.00,342.00,342,0,0.00,1.00,1.00,1,0,0.00,0.00,0,0
1503619754,eth0,0.00,0.00,0.00,0,0,0.00,0.00,0.00,0,0,0.00,0.00,0,0
1503619754,eth1,0.00,0.00,0.00,0,0,0.00,0.00,0.00,0,0,0.00,0.00,0,0
1503619754,s2,0.00,342.00,342.00,342,0,0.00,1.00,1.00,1,0,0.00,0.00,0,0
1503619754,s1-eth2,30562.00,1249392.00,1279954.00,1249392,30562,413.00,826.00,1239.00,826,413,0.00,0.00,0,0
1503619754,s1-eth1,1249392.00,30488.00,1279880.00,30488,1249392,826.00,412.00,1238.00,412,826,0.00,0.00,0,0
1503619754,s3,0.00,0.00,0.00,0,0,0.00,0.00,0.00,0,0,0.00,0.00,0,0
1503619754,s2-eth2,30488.00,1249392.00,1279880.00,1249392,30488,412.00,826.00,1238.00,826,412,0.00,0.00,0,0
1503619754,s2-eth1,1249392.00,30562.00,1279954.00,30562,1249392,826.00,413.00,1239.00,413,826,0.00,0.00,0,0
1503619754,lo,652.00,652.00,1304.00,652,652,6.00,6.00,12.00,6,6,0.00,0.00,0,0
1503619754,s4,0.00,0.00,0.00,0,0,0.00,0.00,0.00,0,0,0.00,0.00,0,0
1503619754,s3-eth2,30562.00,1250564.00,1281126.00,1250564,30562,413.00,826.00,1239.00,826,413,0.00,0.00,0,0
1503619754,s3-eth1,1249392.00,30488.00,1279880.00,30488,1249392,826.00,412.00,1238.00,412,826,0.00,0.00,0,0
1503619754,total,3840440.00,3842222.00,7682662.00,3842222,3840440,3722.00,3723.00,7445.00,3723,3722,0.00,0.00,0,0
1503619755,s5,0.00,0.00,0.00,0,0,0.00,0.00,0.00,0,0,0.00,0.00,0,0
1503619755,s1,0.00,0.00,0.00,0,0,0.00,0.00,0.00,0,0,0.00,0.00,0,0
1503619755,eth0,0.00,0.00,0.00,0,0,0.00,0.00,0.00,0,0,0.00,0.00,0,0
1503619755,eth1,0.00,0.00,0.00,0,0,0.00,0.00,0.00,0,0,0.00,0.00,0,0
1503619755,s2,0.00,342.00,342.00,342,0,0.00,1.00,1.00,1,0,0.00,0.00,0,0
1503619755,s1-eth2,30904.00,1250564.00,1281468.00,1250564,30904,414.00,826.00,1240.00,826,414,0.00,0.00,0,0
1503619755,s1-eth1,1250564.00,30562.00,1281126.00,30562,1250564,826.00,413.00,1239.00,413,826,0.00,0.00,0,0
1503619755,s3,0.00,342.00,342.00,342,0,0.00,1.00,1.00,1,0,0.00,0.00,0,0
1503619755,s2-eth2,30904.00,1250564.00,1281468.00,1250564,30904,414.00,826.00,1240.00,826,414,0.00,0.00,0,0
1503619755,s2-eth1,1250564.00,30904.00,1281468.00,30904,1250564,826.00,414.00,1240.00,414,826,0.00,0.00,0,0
1503619755,lo,652.00,652.00,1304.00,652,652,6.00,6.00,12.00,6,6,0.00,0.00,0,0
1503619755,s4,0.00,0.00,0.00,0,0,0.00,0.00,0.00,0,0,0.00,0.00,0,0
1503619755,s3-eth2,30904.00,1249050.00,1279954.00,1249050,30904,414.00,825.00,1239.00,825,414,0.00,0.00,0,0
1503619755,s3-eth1,1250564.00,30904.00,1281468.00,30904,1250564,826.00,414.00,1240.00,414,826,0.00,0.00,0,0
1503619755,total,3845056.00,3843884.00,7688940.00,3843884,3845056,3726.00,3726.00,7452.00,3726,3726,0.00,0.00,0,0
1503619756,s5,0.00,0.00,0.00,0,0,0.00,0.00,0.00,0,0,0.00,0.00,0,0
1503619756,s1,0.00,0.00,0.00,0,0,0.00,0.00,0.00,0,0,0.00,0.00,0,0
1503619756,eth0,0.00,0.00,0.00,0,0,0.00,0.00,0.00,0,0,0.00,0.00,0,0
1503619756,eth1,0.00,0.00,0.00,0,0,0.00,0.00,0.00,0,0,0.00,0.00,0,0
1503619756,s2,0.00,0.00,0.00,0,0,0.00,0.00,0.00,0,0,0.00,0.00,0,0
1503619756,s1-eth2,30562.00,1250564.00,1281126.00,1250564,30562,413.00,826.00,1239.00,826,413,0.00,0.00,0,0
1503619756,s1-eth1,1250564.00,30562.00,1281126.00,30562,1250564,826.00,413.00,1239.00,413,826,0.00,0.00,0,0
1503619756,s3,0.00,0.00,0.00,0,0,0.00,0.00,0.00,0,0,0.00,0.00,0,0
1503619756,s2-eth2,30562.00,1250564.00,1281126.00,1250564,30562,413.00,826.00,1239.00,826,413,0.00,0.00,0,0
1503619756,s2-eth1,1250564.00,30562.00,1281126.00,30562,1250564,826.00,413.00,1239.00,413,826,0.00,0.00,0,0
1503619756,lo,344.00,344.00,688.00,344,344,6.00,6.00,12.00,6,6,0.00,0.00,0,0
1503619756,s4,0.00,0.00,0.00,0,0,0.00,0.00,0.00,0,0,0.00,0.00,0,0
1503619756,s3-eth2,30562.00,1250564.00,1281126.00,1250564,30562,413.00,826.00,1239.00,826,413,0.00,0.00,0,0
1503619756,s3-eth1,1250564.00,30562.00,1281126.00,30562,1250564,826.00,413.00,1239.00,413,826,0.00,0.00,0,0
1503619756,total,3843722.00,3843722.00,7687444.00,3843722,3843722,3723.00,3723.00,7446.00,3723,3723,0.00,0.00,0,0
1503619757,s5,0.00,0.00,0.00,0,0,0.00,0.00,0.00,0,0,0.00,0.00,0,0
1503619757,s1,0.00,107.00,107.00,107,0,0.00,1.00,1.00,1,0,0.00,0.00,0,0
1503619757,eth0,0.00,0.00,0.00,0,0,0.00,0.00,0.00,0,0,0.00,0.00,0,0
1503619757,eth1,0.00,0.00,0.00,0,0,0.00,0.00,0.00,0,0,0.00,0.00,0,0
1503619757,s2,0.00,107.00,107.00,107,0,0.00,1.00,1.00,1,0,0.00,0.00,0,0
1503619757,s1-eth2,30488.00,1247643.00,1278131.00,1247643,30488,412.00,825.00,1237.00,825,412,0.00,0.00,0,0
1503619757,s1-eth1,1247750.00,30488.00,1278238.00,30488,1247750,826.00,412.00,1238.00,412,826,0.00,0.00,0,0
1503619757,s3,0.00,449.00,449.00,449,0,0.00,2.00,2.00,2,0,0.00,0.00,0,0
1503619757,s2-eth2,30937.00,1246129.00,1277066.00,1246129,30937,414.00,824.00,1238.00,824,414,0.00,0.00,0,0
1503619757,s2-eth1,1247643.00,30488.00,1278131.00,30488,1247643,825.00,412.00,1237.00,412,825,0.00,0.00,0,0
1503619757,lo,1241.00,1241.00,2482.00,1241,1241,12.00,12.00,24.00,12,12,0.00,0.00,0,0
1503619757,s4,0.00,0.00,0.00,0,0,0.00,0.00,0.00,0,0,0.00,0.00,0,0
1503619757,s3-eth2,31044.00,1249050.00,1280094.00,1249050,31044,415.00,825.00,1240.00,825,415,0.00,0.00,0,0
1503619757,s3-eth1,1246129.00,30937.00,1277066.00,30937,1246129,824.00,414.00,1238.00,414,824,0.00,0.00,0,0
1503619757,total,3835232.00,3836639.00,7671871.00,3836639,3835232,3728.00,3728.00,7456.00,3728,3728,0.00,0.00,0,0
1503619758,s5,0.00,0.00,0.00,0,0,0.00,0.00,0.00,0,0,0.00,0.00,0,0
1503619758,s1,0.00,107.00,107.00,107,0,0.00,1.00,1.00,1,0,0.00,0.00,0,0
1503619758,eth0,0.00,0.00,0.00,0,0,0.00,0.00,0.00,0,0,0.00,0.00,0,0
1503619758,eth1,0.00,0.00,0.00,0,0,0.00,0.00,0.00,0,0,0.00,0.00,0,0
1503619758,s2,0.00,107.00,107.00,107,0,0.00,1.00,1.00,1,0,0.00,0.00,0,0
1503619758,s1-eth2,30669.00,1249157.00,1279826.00,1249157,30669,414.00,826.00,1240.00,826,414,0.00,0.00,0,0
1503619758,s1-eth1,1249157.00,30636.00,1279793.00,30636,1249157,826.00,414.00,1240.00,414,826,0.00,0.00,0,0
1503619758,s3,0.00,107.00,107.00,107,0,0.00,1.00,1.00,1,0,0.00,0.00,0,0
1503619758,s2-eth2,30743.00,1250564.00,1281307.00,1250564,30743,415.00,826.00,1241.00,826,415,0.00,0.00,0,0
1503619758,s2-eth1,1249157.00,30669.00,1279826.00,30669,1249157,826.00,414.00,1240.00,414,826,0.00,0.00,0,0
1503619758,lo,915.00,915.00,1830.00,915,915,9.00,9.00,18.00,9,9,0.00,0.00,0,0
1503619758,s4,0.00,0.00,0.00,0,0,0.00,0.00,0.00,0,0,0.00,0.00,0,0
1503619758,s3-eth2,30669.00,1249050.00,1279719.00,1249050,30669,414.00,825.00,1239.00,825,414,0.00,0.00,0,0
1503619758,s3-eth1,1250564.00,30743.00,1281307.00,30743,1250564,826.00,415.00,1241.00,415,826,0.00,0.00,0,0
1503619758,total,3841874.00,3842055.00,7683929.00,3842055,3841874,3730.00,3732.00,7462.00,3732,3730,0.00,0.00,0,0
1503619759,s5,0.00,0.00,0.00,0,0,0.00,0.00,0.00,0,0,0.00,0.00,0,0
1503619759,s1,0.00,0.00,0.00,0,0,0.00,0.00,0.00,0,0,0.00,0.00,0,0
1503619759,eth0,0.00,0.00,0.00,0,0,0.00,0.00,0.00,0,0,0.00,0.00,0,0
1503619759,eth1,0.00,0.00,0.00,0,0,0.00,0.00,0.00,0,0,0.00,0.00,0,0
1503619759,s2,0.00,0.00,0.00,0,0,0.00,0.00,0.00,0,0,0.00,0.00,0,0
1503619759,s1-eth2,30562.00,1249050.00,1279612.00,1249050,30562,413.00,825.00,1238.00,825,413,0.00,0.00,0,0
1503619759,s1-eth1,1249050.00,30488.00,1279538.00,30488,1249050,825.00,412.00,1237.00,412,825,0.00,0.00,0,0
1503619759,s3,0.00,0.00,0.00,0,0,0.00,0.00,0.00,0,0,0.00,0.00,0,0
1503619759,s2-eth2,30488.00,1249050.00,1279538.00,1249050,30488,412.00,825.00,1237.00,825,412,0.00,0.00,0,0
1503619759,s2-eth1,1249050.00,30562.00,1279612.00,30562,1249050,825.00,413.00,1238.00,413,825,0.00,0.00,0,0
1503619759,lo,0.00,0.00,0.00,0,0,0.00,0.00,0.00,0,0,0.00,0.00,0,0
1503619759,s4,0.00,0.00,0.00,0,0,0.00,0.00,0.00,0,0,0.00,0.00,0,0
1503619759,s3-eth2,30562.00,1249050.00,1279612.00,1249050,30562,413.00,825.00,1238.00,825,413,0.00,0.00,0,0
1503619759,s3-eth1,1249050.00,30488.00,1279538.00,30488,1249050,825.00,412.00,1237.00,412,825,0.00,0.00,0,0
1503619759,total,3838762.00,3838688.00,7677450.00,3838688,3838762,3713.00,3712.00,7425.00,3712,3713,0.00,0.00,0,0
1503619760,s5,0.00,0.00,0.00,0,0,0.00,0.00,0.00,0,0,0.00,0.00,0,0
1503619760,s1,0.00,0.00,0.00,0,0,0.00,0.00,0.00,0,0,0.00,0.00,0,0
1503619760,eth0,0.00,0.00,0.00,0,0,0.00,0.00,0.00,0,0,0.00,0.00,0,0
1503619760,eth1,0.00,0.00,0.00,0,0,0.00,0.00,0.00,0,0,0.00,0.00,0,0
1503619760,s2,0.00,0.00,0.00,0,0,0.00,0.00,0.00,0,0,0.00,0.00,0,0
1503619760,s1-eth2,30562.00,1250564.00,1281126.00,1250564,30562,413.00,826.00,1239.00,826,413,0.00,0.00,0,0
1503619760,s1-eth1,1250564.00,30562.00,1281126.00,30562,1250564,826.00,413.00,1239.00,413,826,0.00,0.00,0,0
1503619760,s3,0.00,0.00,0.00,0,0,0.00,0.00,0.00,0,0,0.00,0.00,0,0
1503619760,s2-eth2,30562.00,1250564.00,1281126.00,1250564,30562,413.00,826.00,1239.00,826,413,0.00,0.00,0,0
1503619760,s2-eth1,1250564.00,30562.00,1281126.00,30562,1250564,826.00,413.00,1239.00,413,826,0.00,0.00,0,0
1503619760,lo,0.00,0.00,0.00,0,0,0.00,0.00,0.00,0,0,0.00,0.00,0,0
1503619760,s4,0.00,0.00,0.00,0,0,0.00,0.00,0.00,0,0,0.00,0.00,0,0
1503619760,s3-eth2,30562.00,1250564.00,1281126.00,1250564,30562,413.00,826.00,1239.00,826,413,0.00,0.00,0,0
1503619760,s3-eth1,1250564.00,30562.00,1281126.00,30562,1250564,826.00,413.00,1239.00,413,826,0.00,0.00,0,0
1503619760,total,3843378.00,3843378.00,7686756.00,3843378,3843378,3717.00,3717.00,7434.00,3717,3717,0.00,0.00,0,0
1503619761,s5,0.00,0.00,0.00,0,0,0.00,0.00,0.00,0,0,0.00,0.00,0,0
1503619761,s1,0.00,0.00,0.00,0,0,0.00,0.00,0.00,0,0,0.00,0.00,0,0
1503619761,eth0,0.00,0.00,0.00,0,0,0.00,0.00,0.00,0,0,0.00,0.00,0,0
1503619761,eth1,0.00,0.00,0.00,0,0,0.00,0.00,0.00,0,0,0.00,0.00,0,0
1503619761,s2,0.00,342.00,342.00,342,0,0.00,1.00,1.00,1,0,0.00,0.00,0,0
1503619761,s1-eth2,30756.00,1244508.00,1275264.00,1244508,30756,412.00,822.00,1234.00,822,412,0.00,0.00,0,0
1503619761,s1-eth1,1244508.00,30414.00,1274922.00,30414,1244508,822.00,411.00,1233.00,411,822,0.00,0.00,0,0
1503619761,s3,0.00,342.00,342.00,342,0,0.00,1.00,1.00,1,0,0.00,0.00,0,0
1503619761,s2-eth2,30830.00,1244508.00,1275338.00,1244508,30830,413.00,822.00,1235.00,822,413,0.00,0.00,0,0
1503619761,s2-eth1,1244508.00,30756.00,1275264.00,30756,1244508,822.00,412.00,1234.00,412,822,0.00,0.00,0,0
1503619761,lo,996.00,996.00,1992.00,996,996,12.00,12.00,24.00,12,12,0.00,0.00,0,0
1503619761,s4,0.00,0.00,0.00,0,0,0.00,0.00,0.00,0,0,0.00,0.00,0,0
1503619761,s3-eth2,30756.00,1244508.00,1275264.00,1244508,30756,412.00,822.00,1234.00,822,412,0.00,0.00,0,0
1503619761,s3-eth1,1244508.00,30830.00,1275338.00,30830,1244508,822.00,413.00,1235.00,413,822,0.00,0.00,0,0
1503619761,total,3826862.00,3827204.00,7654066.00,3827204,3826862,3715.00,3716.00,7431.00,3716,3715,0.00,0.00,0,0
1503619762,s5,0.00,0.00,0.00,0,0,0.00,0.00,0.00,0,0,0.00,0.00,0,0
1503619762,s1,0.00,0.00,0.00,0,0,0.00,0.00,0.00,0,0,0.00,0.00,0,0
1503619762,eth0,0.00,0.00,0.00,0,0,0.00,0.00,0.00,0,0,0.00,0.00,0,0
1503619762,eth1,0.00,0.00,0.00,0,0,0.00,0.00,0.00,0,0,0.00,0.00,0,0
1503619762,s2,0.00,0.00,0.00,0,0,0.00,0.00,0.00,0,0,0.00,0.00,0,0
1503619762,s1-eth2,30531.47,1250827.25,1281358.62,1252078,30562,412.59,826.17,1238.76,827,413,0.00,0.00,0,0
1503619762,s1-eth1,1250827.25,30605.39,1281432.62,30636,1252078,826.17,413.59,1239.76,414,827,0.00,0.00,0,0
1503619762,s3,0.00,0.00,0.00,0,0,0.00,0.00,0.00,0,0,0.00,0.00,0,0
1503619762,s2-eth2,30531.47,1250827.25,1281358.62,1252078,30562,412.59,826.17,1238.76,827,413,0.00,0.00,0,0
1503619762,s2-eth1,1250827.25,30531.47,1281358.62,30562,1252078,826.17,412.59,1238.76,413,827,0.00,0.00,0,0
1503619762,lo,171.83,171.83,343.66,172,172,3.00,3.00,5.99,3,3,0.00,0.00,0,0
1503619762,s4,0.00,0.00,0.00,0,0,0.00,0.00,0.00,0,0,0.00,0.00,0,0
1503619762,s3-eth2,30531.47,1250827.25,1281358.62,1252078,30562,412.59,826.17,1238.76,827,413,0.00,0.00,0,0
1503619762,s3-eth1,1250827.25,30531.47,1281358.62,30562,1252078,826.17,412.59,1238.76,413,827,0.00,0.00,0,0
1503619762,total,3844247.75,3844321.75,7688569.50,3848166,3848092,3719.28,3720.28,7439.56,3724,3723,0.00,0.00,0,0
1503619763,s5,0.00,0.00,0.00,0,0,0.00,0.00,0.00,0,0,0.00,0.00,0,0
1503619763,s1,0.00,342.00,342.00,342,0,0.00,1.00,1.00,1,0,0.00,0.00,0,0
1503619763,eth0,0.00,0.00,0.00,0,0,0.00,0.00,0.00,0,0,0.00,0.00,0,0
1503619763,eth1,0.00,0.00,0.00,0,0,0.00,0.00,0.00,0,0,0.00,0.00,0,0
1503619763,s2,0.00,0.00,0.00,0,0,0.00,0.00,0.00,0,0,0.00,0.00,0,0
1503619763,s1-eth2,30488.00,1246364.00,1276852.00,1246364,30488,412.00,824.00,1236.00,824,412,0.00,0.00,0,0
1503619763,s1-eth1,1247878.00,30488.00,1278366.00,30488,1247878,825.00,412.00,1237.00,412,825,0.00,0.00,0,0
1503619763,s3,0.00,0.00,0.00,0,0,0.00,0.00,0.00,0,0,0.00,0.00,0,0
1503619763,s2-eth2,30488.00,1246022.00,1276510.00,1246022,30488,412.00,823.00,1235.00,823,412,0.00,0.00,0,0
1503619763,s2-eth1,1246364.00,30488.00,1276852.00,30488,1246364,824.00,412.00,1236.00,412,824,0.00,0.00,0,0
1503619763,lo,326.00,326.00,652.00,326,326,3.00,3.00,6.00,3,3,0.00,0.00,0,0
1503619763,s4,0.00,0.00,0.00,0,0,0.00,0.00,0.00,0,0,0.00,0.00,0,0
1503619763,s3-eth2,30488.00,1247536.00,1278024.00,1247536,30488,412.00,824.00,1236.00,824,412,0.00,0.00,0,0
1503619763,s3-eth1,1246022.00,30488.00,1276510.00,30488,1246022,823.00,412.00,1235.00,412,823,0.00,0.00,0,0
1503619763,total,3832054.00,3832054.00,7664108.00,3832054,3832054,3711.00,3711.00,7422.00,3711,3711,0.00,0.00,0,0
1503619764,s5,0.00,0.00,0.00,0,0,0.00,0.00,0.00,0,0,0.00,0.00,0,0
1503619764,s1,0.00,0.00,0.00,0,0,0.00,0.00,0.00,0,0,0.00,0.00,0,0
1503619764,eth0,0.00,0.00,0.00,0,0,0.00,0.00,0.00,0,0,0.00,0.00,0,0
1503619764,eth1,0.00,0.00,0.00,0,0,0.00,0.00,0.00,0,0,0.00,0.00,0,0
1503619764,s2,0.00,0.00,0.00,0,0,0.00,0.00,0.00,0,0,0.00,0.00,0,0
1503619764,s1-eth2,30562.00,1250564.00,1281126.00,1250564,30562,413.00,826.00,1239.00,826,413,0.00,0.00,0,0
1503619764,s1-eth1,1250906.00,30562.00,1281468.00,30562,1250906,827.00,413.00,1240.00,413,827,0.00,0.00,0,0
1503619764,s3,0.00,0.00,0.00,0,0,0.00,0.00,0.00,0,0,0.00,0.00,0,0
1503619764,s2-eth2,30562.00,1250564.00,1281126.00,1250564,30562,413.00,826.00,1239.00,826,413,0.00,0.00,0,0
1503619764,s2-eth1,1250564.00,30562.00,1281126.00,30562,1250564,826.00,413.00,1239.00,413,826,0.00,0.00,0,0
1503619764,lo,0.00,0.00,0.00,0,0,0.00,0.00,0.00,0,0,0.00,0.00,0,0
1503619764,s4,0.00,0.00,0.00,0,0,0.00,0.00,0.00,0,0,0.00,0.00,0,0
1503619764,s3-eth2,30562.00,1250564.00,1281126.00,1250564,30562,413.00,826.00,1239.00,826,413,0.00,0.00,0,0
1503619764,s3-eth1,1250564.00,30562.00,1281126.00,30562,1250564,826.00,413.00,1239.00,413,826,0.00,0.00,0,0
1503619764,total,3843720.00,3843378.00,7687098.00,3843378,3843720,3718.00,3717.00,7435.00,3717,3718,0.00,0.00,0,0
1503619765,s5,0.00,0.00,0.00,0,0,0.00,0.00,0.00,0,0,0.00,0.00,0,0
1503619765,s1,0.00,0.00,0.00,0,0,0.00,0.00,0.00,0,0,0.00,0.00,0,0
1503619765,eth0,0.00,0.00,0.00,0,0,0.00,0.00,0.00,0,0,0.00,0.00,0,0
1503619765,eth1,0.00,0.00,0.00,0,0,0.00,0.00,0.00,0,0,0.00,0.00,0,0
1503619765,s2,0.00,0.00,0.00,0,0,0.00,0.00,0.00,0,0,0.00,0.00,0,0
1503619765,s1-eth2,30562.00,1250564.00,1281126.00,1250564,30562,413.00,826.00,1239.00,826,413,0.00,0.00,0,0
1503619765,s1-eth1,1250564.00,30562.00,1281126.00,30562,1250564,826.00,413.00,1239.00,413,826,0.00,0.00,0,0
1503619765,s3,0.00,0.00,0.00,0,0,0.00,0.00,0.00,0,0,0.00,0.00,0,0
1503619765,s2-eth2,30488.00,1250564.00,1281052.00,1250564,30488,412.00,826.00,1238.00,826,412,0.00,0.00,0,0
1503619765,s2-eth1,1250564.00,30562.00,1281126.00,30562,1250564,826.00,413.00,1239.00,413,826,0.00,0.00,0,0
1503619765,lo,0.00,0.00,0.00,0,0,0.00,0.00,0.00,0,0,0.00,0.00,0,0
1503619765,s4,0.00,0.00,0.00,0,0,0.00,0.00,0.00,0,0,0.00,0.00,0,0
1503619765,s3-eth2,30562.00,1250564.00,1281126.00,1250564,30562,413.00,826.00,1239.00,826,413,0.00,0.00,0,0
1503619765,s3-eth1,1250564.00,30488.00,1281052.00,30488,1250564,826.00,412.00,1238.00,412,826,0.00,0.00,0,0
1503619765,total,3843304.00,3843304.00,7686608.00,3843304,3843304,3716.00,3716.00,7432.00,3716,3716,0.00,0.00,0,0
1503619766,s5,0.00,0.00,0.00,0,0,0.00,0.00,0.00,0,0,0.00,0.00,0,0
1503619766,s1,0.00,0.00,0.00,0,0,0.00,0.00,0.00,0,0,0.00,0.00,0,0
1503619766,eth0,0.00,0.00,0.00,0,0,0.00,0.00,0.00,0,0,0.00,0.00,0,0
1503619766,eth1,0.00,0.00,0.00,0,0,0.00,0.00,0.00,0,0,0.00,0.00,0,0
1503619766,s2,0.00,0.00,0.00,0,0,0.00,0.00,0.00,0,0,0.00,0.00,0,0
1503619766,s1-eth2,30488.00,1246022.00,1276510.00,1246022,30488,412.00,823.00,1235.00,823,412,0.00,0.00,0,0
1503619766,s1-eth1,1246022.00,30414.00,1276436.00,30414,1246022,823.00,411.00,1234.00,411,823,0.00,0.00,0,0
1503619766,s3,0.00,0.00,0.00,0,0,0.00,0.00,0.00,0,0,0.00,0.00,0,0
1503619766,s2-eth2,30488.00,1246022.00,1276510.00,1246022,30488,412.00,823.00,1235.00,823,412,0.00,0.00,0,0
1503619766,s2-eth1,1246022.00,30488.00,1276510.00,30488,1246022,823.00,412.00,1235.00,412,823,0.00,0.00,0,0
1503619766,lo,688.00,688.00,1376.00,688,688,12.00,12.00,24.00,12,12,0.00,0.00,0,0
1503619766,s4,0.00,0.00,0.00,0,0,0.00,0.00,0.00,0,0,0.00,0.00,0,0
1503619766,s3-eth2,30488.00,1246022.00,1276510.00,1246022,30488,412.00,823.00,1235.00,823,412,0.00,0.00,0,0
1503619766,s3-eth1,1246022.00,30488.00,1276510.00,30488,1246022,823.00,412.00,1235.00,412,823,0.00,0.00,0,0
1503619766,total,3830218.00,3830144.00,7660362.00,3830144,3830218,3717.00,3716.00,7433.00,3716,3717,0.00,0.00,0,0
1503619767,s5,0.00,0.00,0.00,0,0,0.00,0.00,0.00,0,0,0.00,0.00,0,0
1503619767,s1,0.00,0.00,0.00,0,0,0.00,0.00,0.00,0,0,0.00,0.00,0,0
1503619767,eth0,0.00,0.00,0.00,0,0,0.00,0.00,0.00,0,0,0.00,0.00,0,0
1503619767,eth1,0.00,0.00,0.00,0,0,0.00,0.00,0.00,0,0,0.00,0.00,0,0
1503619767,s2,0.00,0.00,0.00,0,0,0.00,0.00,0.00,0,0,0.00,0.00,0,0
1503619767,s1-eth2,30562.00,1250564.00,1281126.00,1250564,30562,413.00,826.00,1239.00,826,413,0.00,0.00,0,0
1503619767,s1-eth1,1250564.00,30562.00,1281126.00,30562,1250564,826.00,413.00,1239.00,413,826,0.00,0.00,0,0
1503619767,s3,0.00,0.00,0.00,0,0,0.00,0.00,0.00,0,0,0.00,0.00,0,0
1503619767,s2-eth2,30562.00,1250564.00,1281126.00,1250564,30562,413.00,826.00,1239.00,826,413,0.00,0.00,0,0
1503619767,s2-eth1,1250564.00,30562.00,1281126.00,30562,1250564,826.00,413.00,1239.00,413,826,0.00,0.00,0,0
1503619767,lo,0.00,0.00,0.00,0,0,0.00,0.00,0.00,0,0,0.00,0.00,0,0
1503619767,s4,0.00,0.00,0.00,0,0,0.00,0.00,0.00,0,0,0.00,0.00,0,0
1503619767,s3-eth2,30562.00,1250564.00,1281126.00,1250564,30562,413.00,826.00,1239.00,826,413,0.00,0.00,0,0
1503619767,s3-eth1,1250564.00,30562.00,1281126.00,30562,1250564,826.00,413.00,1239.00,413,826,0.00,0.00,0,0
1503619767,total,3843378.00,3843378.00,7686756.00,3843378,3843378,3717.00,3717.00,7434.00,3717,3717,0.00,0.00,0,0
1503619768,s5,0.00,0.00,0.00,0,0,0.00,0.00,0.00,0,0,0.00,0.00,0,0
1503619768,s1,0.00,0.00,0.00,0,0,0.00,0.00,0.00,0,0,0.00,0.00,0,0
1503619768,eth0,0.00,0.00,0.00,0,0,0.00,0.00,0.00,0,0,0.00,0.00,0,0
1503619768,eth1,0.00,0.00,0.00,0,0,0.00,0.00,0.00,0,0,0.00,0.00,0,0
1503619768,s2,0.00,0.00,0.00,0,0,0.00,0.00,0.00,0,0,0.00,0.00,0,0
1503619768,s1-eth2,30562.00,1250564.00,1281126.00,1250564,30562,413.00,826.00,1239.00,826,413,0.00,0.00,0,0
1503619768,s1-eth1,1250564.00,30562.00,1281126.00,30562,1250564,826.00,413.00,1239.00,413,826,0.00,0.00,0,0
1503619768,s3,0.00,0.00,0.00,0,0,0.00,0.00,0.00,0,0,0.00,0.00,0,0
1503619768,s2-eth2,30562.00,1250564.00,1281126.00,1250564,30562,413.00,826.00,1239.00,826,413,0.00,0.00,0,0
1503619768,s2-eth1,1250564.00,30562.00,1281126.00,30562,1250564,826.00,413.00,1239.00,413,826,0.00,0.00,0,0
1503619768,lo,172.00,172.00,344.00,172,172,3.00,3.00,6.00,3,3,0.00,0.00,0,0
1503619768,s4,0.00,0.00,0.00,0,0,0.00,0.00,0.00,0,0,0.00,0.00,0,0
1503619768,s3-eth2,30562.00,1250564.00,1281126.00,1250564,30562,413.00,826.00,1239.00,826,413,0.00,0.00,0,0
1503619768,s3-eth1,1250564.00,30562.00,1281126.00,30562,1250564,826.00,413.00,1239.00,413,826,0.00,0.00,0,0
1503619768,total,3843550.00,3843550.00,7687100.00,3843550,3843550,3720.00,3720.00,7440.00,3720,3720,0.00,0.00,0,0
1503619769,s5,0.00,0.00,0.00,0,0,0.00,0.00,0.00,0,0,0.00,0.00,0,0
1503619769,s1,0.00,341.66,341.66,342,0,0.00,1.00,1.00,1,0,0.00,0.00,0,0
1503619769,eth0,0.00,0.00,0.00,0,0,0.00,0.00,0.00,0,0,0.00,0.00,0,0
1503619769,eth1,106.89,0.00,106.89,0,107,1.00,0.00,1.00,0,1,0.00,0.00,0,0
1503619769,s2,0.00,341.66,341.66,342,0,0.00,1.00,1.00,1,0,0.00,0.00,0,0
1503619769,s1-eth2,30383.62,1243606.38,1273990.00,1244850,30414,410.59,822.18,1232.77,823,411,0.00,0.00,0,0
1503619769,s1-eth1,1243606.38,30383.62,1273990.00,30414,1244850,822.18,410.59,1232.77,411,823,0.00,0.00,0,0
1503619769,s3,0.00,0.00,0.00,0,0,0.00,0.00,0.00,0,0,0.00,0.00,0,0
1503619769,s2-eth2,30383.62,1243606.38,1273990.00,1244850,30414,410.59,822.18,1232.77,823,411,0.00,0.00,0,0
1503619769,s2-eth1,1243606.38,30383.62,1273990.00,30414,1244850,822.18,410.59,1232.77,411,823,0.00,0.00,0,0
1503619769,lo,651.35,651.35,1302.70,652,652,5.99,5.99,11.99,6,6,0.00,0.00,0,0
1503619769,s4,0.00,0.00,0.00,0,0,0.00,0.00,0.00,0,0,0.00,0.00,0,0
1503619769,s3-eth2,30725.28,1243264.75,1273990.00,1244508,30756,411.59,821.18,1232.77,822,412,0.00,0.00,0,0
1503619769,s3-eth1,1243606.38,30383.62,1273990.00,30414,1244850,822.18,410.59,1232.77,411,823,0.00,0.00,0,0
1503619769,total,3823070.00,3822963.25,7646033.00,3826786,3826893,3706.29,3705.29,7411.59,3709,3710,0.00,0.00,0,0
1503619770,s5,0.00,0.00,0.00,0,0,0.00,0.00,0.00,0,0,0.00,0.00,0,0
1503619770,s1,0.00,0.00,0.00,0,0,0.00,0.00,0.00,0,0,0.00,0.00,0,0
1503619770,eth0,0.00,0.00,0.00,0,0,0.00,0.00,0.00,0,0,0.00,0.00,0,0
1503619770,eth1,0.00,0.00,0.00,0,0,0.00,0.00,0.00,0,0,0.00,0.00,0,0
1503619770,s2,0.00,0.00,0.00,0,0,0.00,0.00,0.00,0,0,0.00,0.00,0,0
1503619770,s1-eth2,30118.00,1232396.00,1262514.00,1232396,30118,407.00,814.00,1221.00,814,407,0.00,0.00,0,0
1503619770,s1-eth1,1232396.00,30118.00,1262514.00,30118,1232396,814.00,407.00,1221.00,407,814,0.00,0.00,0,0
1503619770,s3,0.00,0.00,0.00,0,0,0.00,0.00,0.00,0,0,0.00,0.00,0,0
1503619770,s2-eth2,30118.00,1232396.00,1262514.00,1232396,30118,407.00,814.00,1221.00,814,407,0.00,0.00,0,0
1503619770,s2-eth1,1232396.00,30118.00,1262514.00,30118,1232396,814.00,407.00,1221.00,407,814,0.00,0.00,0,0
1503619770,lo,0.00,0.00,0.00,0,0,0.00,0.00,0.00,0,0,0.00,0.00,0,0
1503619770,s4,0.00,0.00,0.00,0,0,0.00,0.00,0.00,0,0,0.00,0.00,0,0
1503619770,s3-eth2,30118.00,1232396.00,1262514.00,1232396,30118,407.00,814.00,1221.00,814,407,0.00,0.00,0,0
1503619770,s3-eth1,1232396.00,30118.00,1262514.00,30118,1232396,814.00,407.00,1221.00,407,814,0.00,0.00,0,0
1503619770,total,3787542.00,3787542.00,7575084.00,3787542,3787542,3663.00,3663.00,7326.00,3663,3663,0.00,0.00,0,0
1503619771,s5,0.00,0.00,0.00,0,0,0.00,0.00,0.00,0,0,0.00,0.00,0,0
1503619771,s1,0.00,0.00,0.00,0,0,0.00,0.00,0.00,0,0,0.00,0.00,0,0
1503619771,eth0,0.00,0.00,0.00,0,0,0.00,0.00,0.00,0,0,0.00,0.00,0,0
1503619771,eth1,0.00,0.00,0.00,0,0,0.00,0.00,0.00,0,0,0.00,0.00,0,0
1503619771,s2,0.00,0.00,0.00,0,0,0.00,0.00,0.00,0,0,0.00,0.00,0,0
1503619771,s1-eth2,30530.00,1247578.00,1278108.00,1247578,30530,413.00,825.00,1238.00,825,413,0.00,0.00,0,0
1503619771,s1-eth1,1247578.00,30530.00,1278108.00,30530,1247578,825.00,413.00,1238.00,413,825,0.00,0.00,0,0
1503619771,s3,0.00,0.00,0.00,0,0,0.00,0.00,0.00,0,0,0.00,0.00,0,0
1503619771,s2-eth2,30530.00,1247578.00,1278108.00,1247578,30530,413.00,825.00,1238.00,825,413,0.00,0.00,0,0
1503619771,s2-eth1,1247578.00,30530.00,1278108.00,30530,1247578,825.00,413.00,1238.00,413,825,0.00,0.00,0,0
1503619771,lo,1232.00,1232.00,2464.00,1232,1232,15.00,15.00,30.00,15,15,0.00,0.00,0,0
1503619771,s4,0.00,0.00,0.00,0,0,0.00,0.00,0.00,0,0,0.00,0.00,0,0
1503619771,s3-eth2,30530.00,1247578.00,1278108.00,1247578,30530,413.00,825.00,1238.00,825,413,0.00,0.00,0,0
1503619771,s3-eth1,1247578.00,30530.00,1278108.00,30530,1247578,825.00,413.00,1238.00,413,825,0.00,0.00,0,0
1503619771,total,3835556.00,3835556.00,7671112.00,3835556,3835556,3729.00,3729.00,7458.00,3729,3729,0.00,0.00,0,0
1503619772,s5,0.00,0.00,0.00,0,0,0.00,0.00,0.00,0,0,0.00,0.00,0,0
1503619772,s1,0.00,0.00,0.00,0,0,0.00,0.00,0.00,0,0,0.00,0.00,0,0
1503619772,eth0,0.00,0.00,0.00,0,0,0.00,0.00,0.00,0,0,0.00,0.00,0,0
1503619772,eth1,0.00,0.00,0.00,0,0,0.00,0.00,0.00,0,0,0.00,0.00,0,0
1503619772,s2,0.00,0.00,0.00,0,0,0.00,0.00,0.00,0,0,0.00,0.00,0,0
1503619772,s1-eth2,30340.00,1244508.00,1274848.00,1244508,30340,410.00,822.00,1232.00,822,410,0.00,0.00,0,0
1503619772,s1-eth1,1242994.00,30414.00,1273408.00,30414,1242994,821.00,411.00,1232.00,411,821,0.00,0.00,0,0
1503619772,s3,0.00,0.00,0.00,0,0,0.00,0.00,0.00,0,0,0.00,0.00,0,0
1503619772,s2-eth2,30414.00,1244508.00,1274922.00,1244508,30414,411.00,822.00,1233.00,822,411,0.00,0.00,0,0
1503619772,s2-eth1,1244508.00,30340.00,1274848.00,30340,1244508,822.00,410.00,1232.00,410,822,0.00,0.00,0,0
1503619772,lo,0.00,0.00,0.00,0,0,0.00,0.00,0.00,0,0,0.00,0.00,0,0
1503619772,s4,0.00,0.00,0.00,0,0,0.00,0.00,0.00,0,0,0.00,0.00,0,0
1503619772,s3-eth2,30340.00,1244508.00,1274848.00,1244508,30340,410.00,822.00,1232.00,822,410,0.00,0.00,0,0
1503619772,s3-eth1,1244508.00,30414.00,1274922.00,30414,1244508,822.00,411.00,1233.00,411,822,0.00,0.00,0,0
1503619772,total,3823104.00,3824692.00,7647796.00,3824692,3823104,3696.00,3698.00,7394.00,3698,3696,0.00,0.00,0,0
1503619773,s5,0.00,0.00,0.00,0,0,0.00,0.00,0.00,0,0,0.00,0.00,0,0
1503619773,s1,0.00,1202.00,1202.00,1202,0,0.00,7.00,7.00,7,0,0.00,0.00,0,0
1503619773,eth0,1368.00,2205.00,3573.00,2205,1368,18.00,18.00,36.00,18,18,0.00,0.00,0,0
1503619773,eth1,0.00,0.00,0.00,0,0,0.00,0.00,0.00,0,0,0.00,0.00,0,0
1503619773,s2,0.00,1124.00,1124.00,1124,0,0.00,6.00,6.00,6,0,0.00,0.00,0,0
1503619773,s1-eth2,29496.00,1185150.00,1214646.00,1185150,29496,394.00,789.00,1183.00,789,394,0.00,0.00,0,0
1503619773,s1-eth1,1185680.00,28934.00,1214614.00,28934,1185680,792.00,391.00,1183.00,391,792,0.00,0.00,0,0
1503619773,s3,0.00,1124.00,1124.00,1124,0,0.00,6.00,6.00,6,0,0.00,0.00,0,0
1503619773,s2-eth2,30058.00,1186024.00,1216082.00,1186024,30058,397.00,786.00,1183.00,786,397,0.00,0.00,0,0
1503619773,s2-eth1,1185150.00,29496.00,1214646.00,29496,1185150,789.00,394.00,1183.00,394,789,0.00,0.00,0,0
1503619773,lo,8737.00,8737.00,17474.00,8737,8737,88.00,88.00,176.00,88,88,0.00,0.00,0,0
1503619773,s4,0.00,0.00,0.00,0,0,0.00,0.00,0.00,0,0,0.00,0.00,0,0
1503619773,s3-eth2,30058.00,1185462.00,1215520.00,1185462,30058,397.00,783.00,1180.00,783,397,0.00,0.00,0,0
1503619773,s3-eth1,1186024.00,30058.00,1216082.00,30058,1186024,786.00,397.00,1183.00,397,786,0.00,0.00,0,0
1503619773,total,3656571.00,3659516.00,7316087.00,3659516,3656571,3661.00,3665.00,7326.00,3665,3661,0.00,0.00,0,0
1503619774,s5,0.00,0.00,0.00,0,0,0.00,0.00,0.00,0,0,0.00,0.00,0,0
1503619774,s1,0.00,1083.00,1083.00,1083,0,0.00,8.00,8.00,8,0,0.00,0.00,0,0
1503619774,eth0,608.00,980.00,1588.00,980,608,8.00,8.00,16.00,8,8,0.00,0.00,0,0
1503619774,eth1,0.00,0.00,0.00,0,0,0.00,0.00,0.00,0,0,0.00,0.00,0,0
1503619774,s2,0.00,156.00,156.00,156,0,0.00,2.00,2.00,2,0,0.00,0.00,0,0
1503619774,s1-eth2,30418.00,1239535.00,1269953.00,1239535,30418,411.00,826.00,1237.00,826,411,0.00,0.00,0,0
1503619774,s1-eth1,1240540.00,30266.00,1270806.00,30266,1240540,833.00,409.00,1242.00,409,833,0.00,0.00,0,0
1503619774,s3,0.00,156.00,156.00,156,0,0.00,2.00,2.00,2,0,0.00,0.00,0,0
1503619774,s2-eth2,30422.00,1240044.00,1270466.00,1240044,30422,411.00,820.00,1231.00,820,411,0.00,0.00,0,0
1503619774,s2-eth1,1239535.00,30418.00,1269953.00,30418,1239535,826.00,411.00,1237.00,411,826,0.00,0.00,0,0
1503619774,lo,4697.00,4697.00,9394.00,4697,4697,49.00,49.00,98.00,49,49,0.00,0.00,0,0
1503619774,s4,0.00,0.00,0.00,0,0,0.00,0.00,0.00,0,0,0.00,0.00,0,0
1503619774,s3-eth2,31026.00,1239966.00,1270992.00,1239966,31026,415.00,819.00,1234.00,819,415,0.00,0.00,0,0
1503619774,s3-eth1,1240044.00,30422.00,1270466.00,30422,1240044,820.00,411.00,1231.00,411,820,0.00,0.00,0,0
1503619774,total,3817290.00,3817723.00,7635013.00,3817723,3817290,3773.00,3765.00,7538.00,3765,3773,0.00,0.00,0,0
1503619775,s5,0.00,0.00,0.00,0,0,0.00,0.00,0.00,0,0,0.00,0.00,0,0
1503619775,s1,0.00,3539.00,3539.00,3539,0,0.00,17.00,17.00,17,0,0.00,0.00,0,0
1503619775,eth0,608.00,980.00,1588.00,980,608,8.00,8.00,16.00,8,8,0.00,0.00,0,0
1503619775,eth1,0.00,0.00,0.00,0,0,0.00,0.00,0.00,0,0,0.00,0.00,0,0
1503619775,s2,0.00,3917.00,3917.00,3917,0,0.00,21.00,21.00,21,0,0.00,0.00,0,0
1503619775,s1-eth2,32133.00,1249561.00,1281694.00,1249561,32133,420.00,840.00,1260.00,840,420,0.00,0.00,0,0
1503619775,s1-eth1,1248400.00,30414.00,1278814.00,30414,1248400,846.00,411.00,1257.00,411,846,0.00,0.00,0,0
1503619775,s3,0.00,3476.00,3476.00,3476,0,0.00,19.00,19.00,19,0,0.00,0.00,0,0
1503619775,s2-eth2,33890.00,1248146.00,1282036.00,1248146,33890,430.00,834.00,1264.00,834,430,0.00,0.00,0,0
1503619775,s2-eth1,1249561.00,32133.00,1281694.00,32133,1249561,840.00,420.00,1260.00,420,840,0.00,0.00,0,0
1503619775,lo,17550.00,17550.00,35100.00,17550,17550,162.00,162.00,324.00,162,162,0.00,0.00,0,0
1503619775,s4,0.00,0.00,0.00,0,0,0.00,0.00,0.00,0,0,0.00,0.00,0,0
1503619775,s3-eth2,35170.00,1249050.00,1284220.00,1249050,35170,437.00,825.00,1262.00,825,437,0.00,0.00,0,0
1503619775,s3-eth1,1248146.00,33890.00,1282036.00,33890,1248146,834.00,430.00,1264.00,430,834,0.00,0.00,0,0
1503619775,total,3865458.00,3872656.00,7738114.00,3872656,3865458,3977.00,3987.00,7964.00,3987,3977,0.00,0.00,0,0
1503619776,s5,0.00,0.00,0.00,0,0,0.00,0.00,0.00,0,0,0.00,0.00,0,0
1503619776,s1,0.00,1438.00,1438.00,1438,0,0.00,6.00,6.00,6,0,0.00,0.00,0,0
1503619776,eth0,152.00,245.00,397.00,245,152,2.00,2.00,4.00,2,2,0.00,0.00,0,0
1503619776,eth1,0.00,0.00,0.00,0,0,0.00,0.00,0.00,0,0,0.00,0.00,0,0
1503619776,s2,0.00,2076.00,2076.00,2076,0,0.00,9.00,9.00,9,0,0.00,0.00,0,0
1503619776,s1-eth2,31383.00,1245946.00,1277329.00,1245946,31383,415.00,828.00,1243.00,828,415,0.00,0.00,0,0
1503619776,s1-eth1,1244763.00,30340.00,1275103.00,30340,1244763,828.00,410.00,1238.00,410,828,0.00,0.00,0,0
1503619776,s3,0.00,1706.00,1706.00,1706,0,0.00,8.00,8.00,8,0,0.00,0.00,0,0
1503619776,s2-eth2,32046.00,1245615.00,1277661.00,1245615,32046,418.00,827.00,1245.00,827,418,0.00,0.00,0,0
1503619776,s2-eth1,1245946.00,31383.00,1277329.00,31383,1245946,828.00,415.00,1243.00,415,828,0.00,0.00,0,0
1503619776,lo,7904.00,7904.00,15808.00,7904,7904,76.00,76.00,152.00,76,76,0.00,0.00,0,0
1503619776,s4,0.00,0.00,0.00,0,0,0.00,0.00,0.00,0,0,0.00,0.00,0,0
1503619776,s3-eth2,33638.00,1246022.00,1279660.00,1246022,33638,426.00,823.00,1249.00,823,426,0.00,0.00,0,0
1503619776,s3-eth1,1245615.00,32046.00,1277661.00,32046,1245615,827.00,418.00,1245.00,418,827,0.00,0.00,0,0
1503619776,total,3841447.00,3844721.00,7686168.00,3844721,3841447,3820.00,3822.00,7642.00,3822,3820,0.00,0.00,0,0
1503619777,s5,0.00,0.00,0.00,0,0,0.00,0.00,0.00,0,0,0.00,0.00,0,0
1503619777,s1,0.00,720.00,720.00,720,0,0.00,3.00,3.00,3,0,0.00,0.00,0,0
1503619777,eth0,0.00,0.00,0.00,0,0,0.00,0.00,0.00,0,0,0.00,0.00,0,0
1503619777,eth1,0.00,0.00,0.00,0,0,0.00,0.00,0.00,0,0,0.00,0.00,0,0
1503619777,s2,0.00,331.00,331.00,331,0,0.00,1.00,1.00,1,0,0.00,0.00,0,0
1503619777,s1-eth2,30819.00,1251284.00,1282103.00,1251284,30819,413.00,829.00,1242.00,829,413,0.00,0.00,0,0
1503619777,s1-eth1,1250148.00,30562.00,1280710.00,30562,1250148,830.00,413.00,1243.00,413,830,0.00,0.00,0,0
1503619777,s3,0.00,1004.00,1004.00,1004,0,0.00,3.00,3.00,3,0,0.00,0.00,0,0
1503619777,s2-eth2,31566.00,1250564.00,1282130.00,1250564,31566,416.00,826.00,1242.00,826,416,0.00,0.00,0,0
1503619777,s2-eth1,1251284.00,30819.00,1282103.00,30819,1251284,829.00,413.00,1242.00,413,829,0.00,0.00,0,0
1503619777,lo,2261.00,2261.00,4522.00,2261,2261,21.00,21.00,42.00,21,21,0.00,0.00,0,0
1503619777,s4,0.00,0.00,0.00,0,0,0.00,0.00,0.00,0,0,0.00,0.00,0,0
1503619777,s3-eth2,31823.00,1250564.00,1282387.00,1250564,31823,416.00,826.00,1242.00,826,416,0.00,0.00,0,0
1503619777,s3-eth1,1250564.00,31566.00,1282130.00,31566,1250564,826.00,416.00,1242.00,416,826,0.00,0.00,0,0
1503619777,total,3848465.00,3849675.00,7698140.00,3849675,3848465,3751.00,3751.00,7502.00,3751,3751,0.00,0.00,0,0
1503619778,s5,0.00,0.00,0.00,0,0,0.00,0.00,0.00,0,0,0.00,0.00,0,0
1503619778,s1,0.00,1248.00,1248.00,1248,0,0.00,6.00,6.00,6,0,0.00,0.00,0,0
1503619778,eth0,0.00,0.00,0.00,0,0,0.00,0.00,0.00,0,0,0.00,0.00,0,0
1503619778,eth1,0.00,0.00,0.00,0,0,0.00,0.00,0.00,0,0,0.00,0.00,0,0
1503619778,s2,0.00,1225.00,1225.00,1225,0,0.00,6.00,6.00,6,0,0.00,0.00,0,0
1503619778,s1-eth2,30866.00,1241214.00,1272080.00,1241214,30866,414.00,825.00,1239.00,825,414,0.00,0.00,0,0
1503619778,s1-eth1,1241615.00,30488.00,1272103.00,30488,1241615,827.00,412.00,1239.00,412,827,0.00,0.00,0,0
1503619778,s3,0.00,756.00,756.00,756,0,0.00,4.00,4.00,4,0,0.00,0.00,0,0
1503619778,s2-eth2,31244.00,1243841.00,1275085.00,1243841,31244,416.00,825.00,1241.00,825,416,0.00,0.00,0,0
1503619778,s2-eth1,1241214.00,30866.00,1272080.00,30866,1241214,825.00,414.00,1239.00,414,825,0.00,0.00,0,0
1503619778,lo,4949.00,4949.00,9898.00,4949,4949,46.00,46.00,92.00,46,46,0.00,0.00,0,0
1503619778,s4,0.00,0.00,0.00,0,0,0.00,0.00,0.00,0,0,0.00,0.00,0,0
1503619778,s3-eth2,31622.00,1241480.00,1273102.00,1241480,31622,418.00,820.00,1238.00,820,418,0.00,0.00,0,0
1503619778,s3-eth1,1243841.00,31244.00,1275085.00,31244,1243841,825.00,416.00,1241.00,416,825,0.00,0.00,0,0
1503619778,total,3825351.00,3827311.00,7652662.00,3827311,3825351,3771.00,3774.00,7545.00,3774,3771,0.00,0.00,0,0
1503619779,s5,0.00,0.00,0.00,0,0,0.00,0.00,0.00,0,0,0.00,0.00,0,0
1503619779,s1,0.00,70.00,70.00,70,0,0.00,1.00,1.00,1,0,0.00,0.00,0,0
1503619779,eth0,0.00,0.00,0.00,0,0,0.00,0.00,0.00,0,0,0.00,0.00,0,0
1503619779,eth1,0.00,0.00,0.00,0,0,0.00,0.00,0.00,0,0,0.00,0.00,0,0
1503619779,s2,0.00,471.00,471.00,471,0,0.00,3.00,3.00,3,0,0.00,0.00,0,0
1503619779,s1-eth2,31111.00,1250634.00,1281745.00,1250634,31111,417.00,827.00,1244.00,827,417,0.00,0.00,0,0
1503619779,s1-eth1,1250634.00,30636.00,1281270.00,30636,1250634,827.00,414.00,1241.00,414,827,0.00,0.00,0,0
1503619779,s3,0.00,802.00,802.00,802,0,0.00,4.00,4.00,4,0,0.00,0.00,0,0
1503619779,s2-eth2,31438.00,1249120.00,1280558.00,1249120,31438,418.00,826.00,1244.00,826,418,0.00,0.00,0,0
1503619779,s2-eth1,1250634.00,31111.00,1281745.00,31111,1250634,827.00,417.00,1244.00,417,827,0.00,0.00,0,0
1503619779,lo,2318.00,2318.00,4636.00,2318,2318,24.00,24.00,48.00,24,24,0.00,0.00,0,0
1503619779,s4,0.00,0.00,0.00,0,0,0.00,0.00,0.00,0,0,0.00,0.00,0,0
1503619779,s3-eth2,31913.00,1250564.00,1282477.00,1250564,31913,421.00,826.00,1247.00,826,421,0.00,0.00,0,0
1503619779,s3-eth1,1249120.00,31438.00,1280558.00,31438,1249120,826.00,418.00,1244.00,418,826,0.00,0.00,0,0
1503619779,total,3847168.00,3847164.00,7694332.00,3847164,3847168,3760.00,3760.00,7520.00,3760,3760,0.00,0.00,0,0
1503619780,s5,0.00,0.00,0.00,0,0,0.00,0.00,0.00,0,0,0.00,0.00,0,0
1503619780,s1,0.00,0.00,0.00,0,0,0.00,0.00,0.00,0,0,0.00,0.00,0,0
1503619780,eth0,60.00,60.00,120.00,60,60,1.00,1.00,2.00,1,1,0.00,0.00,0,0
1503619780,eth1,0.00,0.00,0.00,0,0,0.00,0.00,0.00,0,0,0.00,0.00,0,0
1503619780,s2,0.00,342.00,342.00,342,0,0.00,1.00,1.00,1,0,0.00,0.00,0,0
1503619780,s1-eth2,30904.00,1250564.00,1281468.00,1250564,30904,414.00,826.00,1240.00,826,414,0.00,0.00,0,0
1503619780,s1-eth1,1249392.00,30562.00,1279954.00,30562,1249392,826.00,413.00,1239.00,413,826,0.00,0.00,0,0
1503619780,s3,0.00,684.00,684.00,684,0,0.00,2.00,2.00,2,0,0.00,0.00,0,0
1503619780,s2-eth2,31246.00,1250564.00,1281810.00,1250564,31246,415.00,826.00,1241.00,826,415,0.00,0.00,0,0
1503619780,s2-eth1,1250564.00,30904.00,1281468.00,30904,1250564,826.00,414.00,1240.00,414,826,0.00,0.00,0,0
1503619780,lo,978.00,978.00,1956.00,978,978,9.00,9.00,18.00,9,9,0.00,0.00,0,0
1503619780,s4,0.00,0.00,0.00,0,0,0.00,0.00,0.00,0,0,0.00,0.00,0,0
1503619780,s3-eth2,31246.00,1250564.00,1281810.00,1250564,31246,415.00,826.00,1241.00,826,415,0.00,0.00,0,0
1503619780,s3-eth1,1250564.00,31246.00,1281810.00,31246,1250564,826.00,415.00,1241.00,415,826,0.00,0.00,0,0
1503619780,total,3844954.00,3846468.00,7691422.00,3846468,3844954,3732.00,3733.00,7465.00,3733,3732,0.00,0.00,0,0
1503619781,s5,0.00,0.00,0.00,0,0,0.00,0.00,0.00,0,0,0.00,0.00,0,0
1503619781,s1,0.00,107.00,107.00,107,0,0.00,1.00,1.00,1,0,0.00,0.00,0,0
1503619781,eth0,0.00,0.00,0.00,0,0,0.00,0.00,0.00,0,0,0.00,0.00,0,0
1503619781,eth1,0.00,0.00,0.00,0,0,0.00,0.00,0.00,0,0,0.00,0.00,0,0
1503619781,s2,0.00,0.00,0.00,0,0,0.00,0.00,0.00,0,0,0.00,0.00,0,0
1503619781,s1-eth2,30488.00,1250671.00,1281159.00,1250671,30488,412.00,827.00,1239.00,827,412,0.00,0.00,0,0
1503619781,s1-eth1,1250778.00,30562.00,1281340.00,30562,1250778,828.00,413.00,1241.00,413,828,0.00,0.00,0,0
1503619781,s3,0.00,0.00,0.00,0,0,0.00,0.00,0.00,0,0,0.00,0.00,0,0
1503619781,s2-eth2,30562.00,1250564.00,1281126.00,1250564,30562,413.00,826.00,1239.00,826,413,0.00,0.00,0,0
1503619781,s2-eth1,1250671.00,30488.00,1281159.00,30488,1250671,827.00,412.00,1239.00,412,827,0.00,0.00,0,0
1503619781,lo,649.00,649.00,1298.00,649,649,9.00,9.00,18.00,9,9,0.00,0.00,0,0
1503619781,s4,0.00,0.00,0.00,0,0,0.00,0.00,0.00,0,0,0.00,0.00,0,0
1503619781,s3-eth2,30488.00,1250564.00,1281052.00,1250564,30488,412.00,826.00,1238.00,826,412,0.00,0.00,0,0
1503619781,s3-eth1,1250564.00,30562.00,1281126.00,30562,1250564,826.00,413.00,1239.00,413,826,0.00,0.00,0,0
1503619781,total,3844200.00,3844167.00,7688367.00,3844167,3844200,3727.00,3727.00,7454.00,3727,3727,0.00,0.00,0,0
1503619782,s5,0.00,0.00,0.00,0,0,0.00,0.00,0.00,0,0,0.00,0.00,0,0
1503619782,s1,0.00,177.00,177.00,177,0,0.00,2.00,2.00,2,0,0.00,0.00,0,0
1503619782,eth0,0.00,0.00,0.00,0,0,0.00,0.00,0.00,0,0,0.00,0.00,0,0
1503619782,eth1,0.00,0.00,0.00,0,0,0.00,0.00,0.00,0,0,0.00,0.00,0,0
1503619782,s2,0.00,214.00,214.00,214,0,0.00,2.00,2.00,2,0,0.00,0.00,0,0
1503619782,s1-eth2,30595.00,1246199.00,1276794.00,1246199,30595,413.00,825.00,1238.00,825,413,0.00,0.00,0,0
1503619782,s1-eth1,1247783.00,30488.00,1278271.00,30488,1247783,827.00,412.00,1239.00,412,827,0.00,0.00,0,0
1503619782,s3,0.00,214.00,214.00,214,0,0.00,2.00,2.00,2,0,0.00,0.00,0,0
1503619782,s2-eth2,30702.00,1247643.00,1278345.00,1247643,30702,414.00,825.00,1239.00,825,414,0.00,0.00,0,0
1503619782,s2-eth1,1246199.00,30595.00,1276794.00,30595,1246199,825.00,413.00,1238.00,413,825,0.00,0.00,0,0
1503619782,lo,1793.00,1793.00,3586.00,1793,1793,18.00,18.00,36.00,18,18,0.00,0.00,0,0
1503619782,s4,0.00,0.00,0.00,0,0,0.00,0.00,0.00,0,0,0.00,0.00,0,0
1503619782,s3-eth2,30809.00,1246022.00,1276831.00,1246022,30809,415.00,823.00,1238.00,823,415,0.00,0.00,0,0
1503619782,s3-eth1,1247643.00,30702.00,1278345.00,30702,1247643,825.00,414.00,1239.00,414,825,0.00,0.00,0,0
1503619782,total,3835524.00,3834047.00,7669571.00,3834047,3835524,3737.00,3736.00,7473.00,3736,3737,0.00,0.00,0,0
1503619783,s5,0.00,0.00,0.00,0,0,0.00,0.00,0.00,0,0,0.00,0.00,0,0
1503619783,s1,0.00,412.00,412.00,412,0,0.00,2.00,2.00,2,0,0.00,0.00,0,0
1503619783,eth0,0.00,0.00,0.00,0,0,0.00,0.00,0.00,0,0,0.00,0.00,0,0
1503619783,eth1,0.00,0.00,0.00,0,0,0.00,0.00,0.00,0,0,0.00,0.00,0,0
1503619783,s2,0.00,140.00,140.00,140,0,0.00,2.00,2.00,2,0,0.00,0.00,0,0
1503619783,s1-eth2,30632.00,1249462.00,1280094.00,1249462,30632,414.00,827.00,1241.00,827,414,0.00,0.00,0,0
1503619783,s1-eth1,1249462.00,30488.00,1279950.00,30488,1249462,827.00,412.00,1239.00,412,827,0.00,0.00,0,0
1503619783,s3,0.00,482.00,482.00,482,0,0.00,3.00,3.00,3,0,0.00,0.00,0,0
1503619783,s2-eth2,31044.00,1249120.00,1280164.00,1249120,31044,416.00,826.00,1242.00,826,416,0.00,0.00,0,0
1503619783,s2-eth1,1249462.00,30632.00,1280094.00,30632,1249462,827.00,414.00,1241.00,414,827,0.00,0.00,0,0
1503619783,lo,1992.00,1992.00,3984.00,1992,1992,21.00,21.00,42.00,21,21,0.00,0.00,0,0
1503619783,s4,0.00,0.00,0.00,0,0,0.00,0.00,0.00,0,0,0.00,0.00,0,0
1503619783,s3-eth2,31456.00,1250564.00,1282020.00,1250564,31456,418.00,826.00,1244.00,826,418,0.00,0.00,0,0
1503619783,s3-eth1,1249120.00,31044.00,1280164.00,31044,1249120,826.00,416.00,1242.00,416,826,0.00,0.00,0,0
1503619783,total,3843168.00,3844336.00,7687504.00,3844336,3843168,3749.00,3749.00,7498.00,3749,3749,0.00,0.00,0,0
1503619784,s5,0.00,0.00,0.00,0,0,0.00,0.00,0.00,0,0,0.00,0.00,0,0
1503619784,s1,0.00,342.00,342.00,342,0,0.00,1.00,1.00,1,0,0.00,0.00,0,0
1503619784,eth0,0.00,0.00,0.00,0,0,0.00,0.00,0.00,0,0,0.00,0.00,0,0
1503619784,eth1,0.00,0.00,0.00,0,0,0.00,0.00,0.00,0,0,0.00,0.00,0,0
1503619784,s2,0.00,342.00,342.00,342,0,0.00,1.00,1.00,1,0,0.00,0.00,0,0
1503619784,s1-eth2,30562.00,1250906.00,1281468.00,1250906,30562,413.00,827.00,1240.00,827,413,0.00,0.00,0,0
1503619784,s1-eth1,1250906.00,30562.00,1281468.00,30562,1250906,827.00,413.00,1240.00,413,827,0.00,0.00,0,0
1503619784,s3,0.00,0.00,0.00,0,0,0.00,0.00,0.00,0,0,0.00,0.00,0,0
1503619784,s2-eth2,30488.00,1250906.00,1281394.00,1250906,30488,412.00,827.00,1239.00,827,412,0.00,0.00,0,0
1503619784,s2-eth1,1250906.00,30562.00,1281468.00,30562,1250906,827.00,413.00,1240.00,413,827,0.00,0.00,0,0
1503619784,lo,652.00,652.00,1304.00,652,652,6.00,6.00,12.00,6,6,0.00,0.00,0,0
1503619784,s4,0.00,0.00,0.00,0,0,0.00,0.00,0.00,0,0,0.00,0.00,0,0
1503619784,s3-eth2,30562.00,1249050.00,1279612.00,1249050,30562,413.00,825.00,1238.00,825,413,0.00,0.00,0,0
1503619784,s3-eth1,1250906.00,30488.00,1281394.00,30488,1250906,827.00,412.00,1239.00,412,827,0.00,0.00,0,0
1503619784,total,3844982.00,3843810.00,7688792.00,3843810,3844982,3725.00,3725.00,7450.00,3725,3725,0.00,0.00,0,0
1503619785,s5,0.00,0.00,0.00,0,0,0.00,0.00,0.00,0,0,0.00,0.00,0,0
1503619785,s1,0.00,0.00,0.00,0,0,0.00,0.00,0.00,0,0,0.00,0.00,0,0
1503619785,eth0,0.00,0.00,0.00,0,0,0.00,0.00,0.00,0,0,0.00,0.00,0,0
1503619785,eth1,0.00,0.00,0.00,0,0,0.00,0.00,0.00,0,0,0.00,0.00,0,0
1503619785,s2,0.00,342.00,342.00,342,0,0.00,1.00,1.00,1,0,0.00,0.00,0,0
1503619785,s1-eth2,30682.00,1242994.00,1273676.00,1242994,30682,411.00,821.00,1232.00,821,411,0.00,0.00,0,0
1503619785,s1-eth1,1242994.00,30414.00,1273408.00,30414,1242994,821.00,411.00,1232.00,411,821,0.00,0.00,0,0
1503619785,s3,0.00,342.00,342.00,342,0,0.00,1.00,1.00,1,0,0.00,0.00,0,0
1503619785,s2-eth2,30756.00,1242994.00,1273750.00,1242994,30756,412.00,821.00,1233.00,821,412,0.00,0.00,0,0
1503619785,s2-eth1,1242994.00,30682.00,1273676.00,30682,1242994,821.00,411.00,1232.00,411,821,0.00,0.00,0,0
1503619785,lo,652.00,652.00,1304.00,652,652,6.00,6.00,12.00,6,6,0.00,0.00,0,0
1503619785,s4,0.00,0.00,0.00,0,0,0.00,0.00,0.00,0,0,0.00,0.00,0,0
1503619785,s3-eth2,30756.00,1242994.00,1273750.00,1242994,30756,412.00,821.00,1233.00,821,412,0.00,0.00,0,0
1503619785,s3-eth1,1242994.00,30756.00,1273750.00,30756,1242994,821.00,412.00,1233.00,412,821,0.00,0.00,0,0
1503619785,total,3821828.00,3822170.00,7643998.00,3822170,3821828,3704.00,3705.00,7409.00,3705,3704,0.00,0.00,0,0
1503619786,s5,0.00,0.00,0.00,0,0,0.00,0.00,0.00,0,0,0.00,0.00,0,0
1503619786,s1,0.00,0.00,0.00,0,0,0.00,0.00,0.00,0,0,0.00,0.00,0,0
1503619786,eth0,0.00,0.00,0.00,0,0,0.00,0.00,0.00,0,0,0.00,0.00,0,0
1503619786,eth1,0.00,0.00,0.00,0,0,0.00,0.00,0.00,0,0,0.00,0.00,0,0
1503619786,s2,0.00,0.00,0.00,0,0,0.00,0.00,0.00,0,0,0.00,0.00,0,0
1503619786,s1-eth2,30562.00,1250564.00,1281126.00,1250564,30562,413.00,826.00,1239.00,826,413,0.00,0.00,0,0
1503619786,s1-eth1,1248067.88,30501.00,1278568.88,30562,1250564,824.35,412.18,1236.53,413,826,0.00,0.00,0,0
1503619786,s3,0.00,341.32,341.32,342,0,0.00,1.00,1.00,1,0,0.00,0.00,0,0
1503619786,s2-eth2,30842.32,1248067.88,1278910.25,1250564,30904,413.17,824.35,1237.52,826,414,0.00,0.00,0,0
1503619786,s2-eth1,1248067.88,30501.00,1278568.88,30562,1250564,824.35,412.18,1236.53,413,826,0.00,0.00,0,0
1503619786,lo,668.66,668.66,1337.33,670,670,8.98,8.98,17.96,9,9,0.00,0.00,0,0
1503619786,s4,0.00,0.00,0.00,0,0,0.00,0.00,0.00,0,0,0.00,0.00,0,0
1503619786,s3-eth2,30768.46,1248067.88,1278836.38,1250564,30830,412.18,824.35,1236.53,826,413,0.00,0.00,0,0
1503619786,s3-eth1,1248067.88,30842.32,1278910.25,30904,1250564,824.35,413.17,1237.52,414,826,0.00,0.00,0,0
1503619786,total,3836984.25,3837058.00,7674042.00,3844732,3844658,3719.56,3720.56,7440.12,3728,3727,0.00,0.00,0,0
1503619787,s5,0.00,0.00,0.00,0,0,0.00,0.00,0.00,0,0,0.00,0.00,0,0
1503619787,s1,0.00,0.00,0.00,0,0,0.00,0.00,0.00,0,0,0.00,0.00,0,0
1503619787,eth0,0.00,0.00,0.00,0,0,0.00,0.00,0.00,0,0,0.00,0.00,0,0
1503619787,eth1,0.00,0.00,0.00,0,0,0.00,0.00,0.00,0,0,0.00,0.00,0,0
1503619787,s2,0.00,0.00,0.00,0,0,0.00,0.00,0.00,0,0,0.00,0.00,0,0
1503619787,s1-eth2,21650.70,858814.38,880465.12,860532,21694,292.42,570.86,863.27,572,293,0.00,0.00,0,0
1503619787,s1-eth1,876014.00,21620.00,897634.00,21620,876014,583.00,292.00,875.00,292,583,0.00,0.00,0,0
1503619787,s3,0.00,0.00,0.00,0,0,0.00,0.00,0.00,0,0,0.00,0.00,0,0
1503619787,s2-eth2,21694.00,846906.00,868600.00,846906,21694,293.00,563.00,856.00,563,293,0.00,0.00,0,0
1503619787,s2-eth1,860532.00,21694.00,882226.00,21694,860532,572.00,293.00,865.00,293,572,0.00,0.00,0,0
1503619787,lo,0.00,0.00,0.00,0,0,0.00,0.00,0.00,0,0,0.00,0.00,0,0
1503619787,s4,0.00,0.00,0.00,0,0,0.00,0.00,0.00,0,0,0.00,0.00,0,0
1503619787,s3-eth2,21768.00,834794.00,856562.00,834794,21768,294.00,555.00,849.00,555,294,0.00,0.00,0,0
1503619787,s3-eth1,846906.00,21694.00,868600.00,21694,846906,563.00,293.00,856.00,293,563,0.00,0.00,0,0
1503619787,total,2648608.00,2607240.00,5255848.00,2607240,2648608,2598.00,2568.00,5166.00,2568,2598,0.00,0.00,0,0
1503619788,s5,0.00,0.00,0.00,0,0,0.00,0.00,0.00,0,0,0.00,0.00,0,0
1503619788,s1,0.00,0.00,0.00,0,0,0.00,0.00,0.00,0,0,0.00,0.00,0,0
1503619788,eth0,0.00,0.00,0.00,0,0,0.00,0.00,0.00,0,0,0.00,0.00,0,0
1503619788,eth1,0.00,0.00,0.00,0,0,0.00,0.00,0.00,0,0,0.00,0.00,0,0
1503619788,s2,0.00,0.00,0.00,0,0,0.00,0.00,0.00,0,0,0.00,0.00,0,0
1503619788,s1-eth2,0.00,0.00,0.00,0,0,0.00,0.00,0.00,0,0,0.00,0.00,0,0
1503619788,s1-eth1,0.00,0.00,0.00,0,0,0.00,0.00,0.00,0,0,0.00,0.00,0,0
1503619788,s3,0.00,0.00,0.00,0,0,0.00,0.00,0.00,0,0,0.00,0.00,0,0
1503619788,s2-eth2,0.00,0.00,0.00,0,0,0.00,0.00,0.00,0,0,0.00,0.00,0,0
1503619788,s2-eth1,0.00,0.00,0.00,0,0,0.00,0.00,0.00,0,0,0.00,0.00,0,0
1503619788,lo,0.00,0.00,0.00,0,0,0.00,0.00,0.00,0,0,0.00,0.00,0,0
1503619788,s4,0.00,0.00,0.00,0,0,0.00,0.00,0.00,0,0,0.00,0.00,0,0
1503619788,s3-eth2,0.00,0.00,0.00,0,0,0.00,0.00,0.00,0,0,0.00,0.00,0,0
1503619788,s3-eth1,0.00,0.00,0.00,0,0,0.00,0.00,0.00,0,0,0.00,0.00,0,0
1503619788,total,0.00,0.00,0.00,0,0,0.00,0.00,0.00,0,0,0.00,0.00,0,0
1503619789,s5,0.00,0.00,0.00,0,0,0.00,0.00,0.00,0,0,0.00,0.00,0,0
1503619789,s1,0.00,107.00,107.00,107,0,0.00,1.00,1.00,1,0,0.00,0.00,0,0
1503619789,eth0,0.00,0.00,0.00,0,0,0.00,0.00,0.00,0,0,0.00,0.00,0,0
1503619789,eth1,0.00,0.00,0.00,0,0,0.00,0.00,0.00,0,0,0.00,0.00,0,0
1503619789,s2,0.00,0.00,0.00,0,0,0.00,0.00,0.00,0,0,0.00,0.00,0,0
1503619789,s1-eth2,0.00,107.00,107.00,107,0,0.00,1.00,1.00,1,0,0.00,0.00,0,0
1503619789,s1-eth1,214.00,0.00,214.00,0,214,2.00,0.00,2.00,0,2,0.00,0.00,0,0
1503619789,s3,0.00,0.00,0.00,0,0,0.00,0.00,0.00,0,0,0.00,0.00,0,0
1503619789,s2-eth2,0.00,0.00,0.00,0,0,0.00,0.00,0.00,0,0,0.00,0.00,0,0
1503619789,s2-eth1,107.00,0.00,107.00,0,107,1.00,0.00,1.00,0,1,0.00,0.00,0,0
1503619789,lo,477.00,477.00,954.00,477,477,6.00,6.00,12.00,6,6,0.00,0.00,0,0
1503619789,s4,0.00,0.00,0.00,0,0,0.00,0.00,0.00,0,0,0.00,0.00,0,0
1503619789,s3-eth2,0.00,0.00,0.00,0,0,0.00,0.00,0.00,0,0,0.00,0.00,0,0
1503619789,s3-eth1,0.00,0.00,0.00,0,0,0.00,0.00,0.00,0,0,0.00,0.00,0,0
1503619789,total,798.00,691.00,1489.00,691,798,9.00,8.00,17.00,8,9,0.00,0.00,0,0
1503619790,s5,0.00,0.00,0.00,0,0,0.00,0.00,0.00,0,0,0.00,0.00,0,0
1503619790,s1,0.00,106.89,106.89,107,0,0.00,1.00,1.00,1,0,0.00,0.00,0,0
1503619790,eth0,0.00,0.00,0.00,0,0,0.00,0.00,0.00,0,0,0.00,0.00,0,0
1503619790,eth1,0.00,0.00,0.00,0,0,0.00,0.00,0.00,0,0,0.00,0.00,0,0
1503619790,s2,0.00,213.79,213.79,214,0,0.00,2.00,2.00,2,0,0.00,0.00,0,0
1503619790,s1-eth2,106.89,106.89,213.79,107,107,1.00,1.00,2.00,1,1,0.00,0.00,0,0
1503619790,s1-eth1,106.89,0.00,106.89,0,107,1.00,0.00,1.00,0,1,0.00,0.00,0,0
1503619790,s3,0.00,213.79,213.79,214,0,0.00,2.00,2.00,2,0,0.00,0.00,0,0
1503619790,s2-eth2,213.79,106.89,320.68,107,214,2.00,1.00,3.00,1,2,0.00,0.00,0,0
1503619790,s2-eth1,106.89,106.89,213.79,107,107,1.00,1.00,2.00,1,1,0.00,0.00,0,0
1503619790,lo,1523.48,1523.48,3046.95,1525,1525,14.99,14.99,29.97,15,15,0.00,0.00,0,0
1503619790,s4,0.00,0.00,0.00,0,0,0.00,0.00,0.00,0,0,0.00,0.00,0,0
1503619790,s3-eth2,320.68,0.00,320.68,0,321,3.00,0.00,3.00,0,3,0.00,0.00,0,0
1503619790,s3-eth1,106.89,213.79,320.68,214,107,1.00,2.00,3.00,2,1,0.00,0.00,0,0
1503619790,total,2485.51,2592.41,5077.92,2595,2488,23.98,24.98,48.95,25,24,0.00,0.00,0,0
1503619791,s5,0.00,0.00,0.00,0,0,0.00,0.00,0.00,0,0,0.00,0.00,0,0
1503619791,s1,0.00,0.00,0.00,0,0,0.00,0.00,0.00,0,0,0.00,0.00,0,0
1503619791,eth0,0.00,0.00,0.00,0,0,0.00,0.00,0.00,0,0,0.00,0.00,0,0
1503619791,eth1,0.00,0.00,0.00,0,0,0.00,0.00,0.00,0,0,0.00,0.00,0,0
1503619791,s2,0.00,0.00,0.00,0,0,0.00,0.00,0.00,0,0,0.00,0.00,0,0
1503619791,s1-eth2,0.00,0.00,0.00,0,0,0.00,0.00,0.00,0,0,0.00,0.00,0,0
1503619791,s1-eth1,0.00,0.00,0.00,0,0,0.00,0.00,0.00,0,0,0.00,0.00,0,0
1503619791,s3,0.00,0.00,0.00,0,0,0.00,0.00,0.00,0,0,0.00,0.00,0,0
1503619791,s2-eth2,0.00,0.00,0.00,0,0,0.00,0.00,0.00,0,0,0.00,0.00,0,0
1503619791,s2-eth1,0.00,0.00,0.00,0,0,0.00,0.00,0.00,0,0,0.00,0.00,0,0
1503619791,lo,344.00,344.00,688.00,344,344,6.00,6.00,12.00,6,6,0.00,0.00,0,0
1503619791,s4,0.00,0.00,0.00,0,0,0.00,0.00,0.00,0,0,0.00,0.00,0,0
1503619791,s3-eth2,0.00,0.00,0.00,0,0,0.00,0.00,0.00,0,0,0.00,0.00,0,0
1503619791,s3-eth1,0.00,0.00,0.00,0,0,0.00,0.00,0.00,0,0,0.00,0.00,0,0
1503619791,total,344.00,344.00,688.00,344,344,6.00,6.00,12.00,6,6,0.00,0.00,0,0
1503619792,s5,0.00,0.00,0.00,0,0,0.00,0.00,0.00,0,0,0.00,0.00,0,0
1503619792,s1,0.00,0.00,0.00,0,0,0.00,0.00,0.00,0,0,0.00,0.00,0,0
1503619792,eth0,0.00,0.00,0.00,0,0,0.00,0.00,0.00,0,0,0.00,0.00,0,0
1503619792,eth1,0.00,0.00,0.00,0,0,0.00,0.00,0.00,0,0,0.00,0.00,0,0
1503619792,s2,0.00,0.00,0.00,0,0,0.00,0.00,0.00,0,0,0.00,0.00,0,0
1503619792,s1-eth2,0.00,0.00,0.00,0,0,0.00,0.00,0.00,0,0,0.00,0.00,0,0
1503619792,s1-eth1,0.00,0.00,0.00,0,0,0.00,0.00,0.00,0,0,0.00,0.00,0,0
1503619792,s3,0.00,0.00,0.00,0,0,0.00,0.00,0.00,0,0,0.00,0.00,0,0
1503619792,s2-eth2,0.00,0.00,0.00,0,0,0.00,0.00,0.00,0,0,0.00,0.00,0,0
1503619792,s2-eth1,0.00,0.00,0.00,0,0,0.00,0.00,0.00,0,0,0.00,0.00,0,0
1503619792,lo,0.00,0.00,0.00,0,0,0.00,0.00,0.00,0,0,0.00,0.00,0,0
1503619792,s4,0.00,0.00,0.00,0,0,0.00,0.00,0.00,0,0,0.00,0.00,0,0
1503619792,s3-eth2,0.00,0.00,0.00,0,0,0.00,0.00,0.00,0,0,0.00,0.00,0,0
1503619792,s3-eth1,0.00,0.00,0.00,0,0,0.00,0.00,0.00,0,0,0.00,0.00,0,0
1503619792,total,0.00,0.00,0.00,0,0,0.00,0.00,0.00,0,0,0.00,0.00,0,0
1503619793,s5,0.00,0.00,0.00,0,0,0.00,0.00,0.00,0,0,0.00,0.00,0,0
1503619793,s1,0.00,342.00,342.00,342,0,0.00,1.00,1.00,1,0,0.00,0.00,0,0
1503619793,eth0,0.00,0.00,0.00,0,0,0.00,0.00,0.00,0,0,0.00,0.00,0,0
1503619793,eth1,0.00,0.00,0.00,0,0,0.00,0.00,0.00,0,0,0.00,0.00,0,0
1503619793,s2,0.00,684.00,684.00,684,0,0.00,2.00,2.00,2,0,0.00,0.00,0,0
1503619793,s1-eth2,342.00,342.00,684.00,342,342,1.00,1.00,2.00,1,1,0.00,0.00,0,0
1503619793,s1-eth1,342.00,0.00,342.00,0,342,1.00,0.00,1.00,0,1,0.00,0.00,0,0
1503619793,s3,0.00,342.00,342.00,342,0,0.00,1.00,1.00,1,0,0.00,0.00,0,0
1503619793,s2-eth2,342.00,342.00,684.00,342,342,1.00,1.00,2.00,1,1,0.00,0.00,0,0
150361